19 0.28101983002832864 0.3675383333333333 0.27422096317280453 0.32888333333333336 0.31728045325779036 0.3235516666666667 0.38526912181303113 0.3235516666666667 0.3195467422096317 0.3515433333333333 0.3490084985835694 0.37020416666666667 0.33314447592067986 0.3822008333333333 0.37620396600566575 0.39153166666666667 0.45552407932011335 0.36887166666666665 0.4736543909348442 0.35554166666666664 0.4736543909348442 0.29955833333333337 0.40793201133144474 0.266235 0.30141643059490086 0.2515725 0.24022662889518412 0.26090250000000004 0.1274787535410765 0.2653333333333333 0.23342776203966006 0.35554166666666664 0.28101983002832864 0.3675383333333333
19 0.7048158640226629 0.5341566666666667 0.6957507082152974 0.5888074999999999 0.6980169971671388 0.6514558333333333 0.7138810198300283 0.7087725 0.7048158640226629 0.7634225 0.7660056657223795 0.7607566666666666 0.8589235127478754 0.7047733333333333 0.9065155807365439 0.664785 0.9337110481586403 0.5994708333333333 0.8838526912181303 0.6234633333333333 0.8929178470254957 0.6661183333333334 0.8430594900849859 0.6154658333333333 0.7796033994334277 0.551485 0.7796033994334277 0.5008325 0.8073654390934845 0.477 0.7478753541076487 0.48617083333333333 0.7048158640226629 0.5341566666666667
19 0.8997167138810199 0.5248258333333333 0.8997167138810199 0.5634808333333333 0.8679886685552407 0.5954716666666667 0.8430594900849859 0.6021366666666667 0.8815864022662889 0.6447908333333333 0.8838526912181303 0.6154658333333333 0.9541076487252125 0.574145 0.9745042492917847 0.5328233333333333 0.9835694050991501 0.4888366666666667 0.9609065155807365 0.44484916666666663 0.8895184135977338 0.437 0.8929178470254957 0.49550083333333333 0.8997167138810199 0.5248258333333333
19 0.7206798866855524 0.2942266666666667 0.7478753541076487 0.31821916666666666 0.7569405099150142 0.298225 0.7456090651558074 0.26223583333333333 0.6730878186968838 0.2289125 0.6322946175637394 0.21425000000000002 0.623229461756374 0.24533333333333332 0.6957507082152974 0.26490166666666665 0.7206798866855524 0.2942266666666667
19 0.25835694050991503 0.7021075 0.34218451274787537 0.6753046483333334 0.35580736543909347 0.6501225 0.3286118980169972 0.6221308333333333 0.28101983002832864 0.6501225 0.25835694050991503 0.7021075
19 0.3784702549575071 0.5501516666666667 0.3422096317280453 0.5381549999999999 0.27648725212464587 0.5581491666666667 0.27422096317280453 0.6194649999999999 0.3059490084985836 0.5994708333333333 0.3218130311614731 0.6194649999999999 0.35127478753541075 0.577 0.3784702549575071 0.5501516666666667
19 0.42606232294617563 0.48217166666666667 0.4169971671388102 0.5181608333333333 0.43059490084985835 0.5621483333333334 0.42379603399433424 0.6034691666666667 0.43966005665722374 0.63546 0.4985835694050991 0.5954716666666667 0.5031161473087818 0.5501516666666667 0.5008498583569405 0.48217166666666667 0.47592067988668557 0.45951166666666665 0.4192634560906516 0.45418 0.3626062322946176 0.4608441666666667 0.3195467422096317 0.48217166666666667 0.30141643059490086 0.5328233333333333 0.37110481586402266 0.5053333333333333 0.42606232294617563 0.48217166666666667
19 0.21303116147308782 0.44884833333333335 0.15864022662889518 0.46484333333333333 0.07025495750708216 0.4888366666666667 0.00906515580736544 0.515495 0.00226628895184136 0.5594825 0 0.6021366666666667 0.058923512747875356 0.6061358333333334 0.14730878186968838 0.5914733333333334 0.28328611898017 0.5354891666666667 0.29461756373937675 0.4728408333333333 0.21303116147308782 0.44884833333333335
19 0.1813031161473088 0.42885416666666665 0.21303116147308782 0.40619416666666663 0.18356940509915012 0.34487833333333334 0.10878186968838527 0.3315491666666667 0.054390934844192634 0.3515433333333333 0.00453257790368272 0.3315491666666667 0.00453257790368272 0.39553 0.07932011331444759 0.4235216666666667 0.1813031161473088 0.42885416666666665
19 0.5849858356940509 0.7958333333333333 0.6260623229461756 0.8275 0.6515580736543909 0.8008333333333333 0.6572237960339944 0.775 0.6940509915014165 0.7566666666666667 0.7039660056657224 0.7433333333333333 0.7053824362606232 0.7125 0.6912181303116147 0.6741666666666667 0.6869688385269122 0.6241666666666666 0.6912181303116147 0.5416666666666666 0.6643059490084986 0.5408333333333334 0.6501416430594901 0.545 0.6118980169971672 0.5741666666666667 0.5750708215297451 0.6333333333333333 0.5679886685552408 0.68 0.5552407932011332 0.705 0.556657223796034 0.7433333333333333 0.5849858356940509 0.7958333333333333
19 0.42209631728045327 0.7133333333333334 0.39943342776203966 0.735 0.37677053824362605 0.7416666666666667 0.37252124645892354 0.7483333333333333 0.33994334277620397 0.7583333333333333 0.35410764872521244 0.8125 0.358356940509915 0.8775 0.3640226628895184 0.8883333333333333 0.3781869688385269 0.8941666666666667 0.43342776203966005 0.8375 0.4376770538243626 0.8 0.4475920679886686 0.7866666666666666 0.5354107648725213 0.7225 0.5580736543909348 0.6941666666666667 0.56657223796034 0.6716666666666666 0.5679886685552408 0.6383333333333333 0.5552407932011332 0.5991666666666666 0.5226628895184136 0.5958333333333333 0.49575070821529743 0.5975 0.45892351274787535 0.6291666666666667 0.40509915014164305 0.6583333333333333 0.42209631728045327 0.6925 0.42209631728045327 0.7133333333333334
19 0.18838526912181303 0.8283333333333334 0.24079320113314448 0.8066666666666666 0.2719546742209632 0.7866666666666666 0.3597733711048159 0.7483333333333333 0.3626062322946176 0.7433333333333333 0.37252124645892354 0.7425 0.40793201133144474 0.7275 0.42209631728045327 0.7058333333333333 0.4178470254957507 0.6883333333333334 0.40084985835694054 0.6616666666666666 0.3895184135977337 0.6608333333333334 0.3611898016997167 0.6808333333333333 0.34560906515580736 0.6816666666666666 0.3286118980169972 0.6908333333333333 0.2747875354107649 0.6966666666666667 0.22096317280453256 0.7158333333333333 0.19688385269121814 0.735 0.17847025495750707 0.7725 0.17988668555240794 0.8241666666666667 0.18838526912181303 0.8283333333333334
19 0.0821529745042493 0.7408333333333333 0.12039660056657224 0.7433333333333333 0.19971671388101983 0.7283333333333334 0.2705382436260623 0.6925 0.273371104815864 0.6808333333333333 0.26770538243626063 0.6691666666666667 0.2507082152974504 0.6625 0.20254957507082152 0.6608333333333334 0.16997167138810199 0.6675 0.09915014164305949 0.7041666666666667 0.0708215297450425 0.7308333333333333 0.0708215297450425 0.7366666666666667 0.0821529745042493 0.7408333333333333
19 0.5084985835694051 0.5416666666666666 0.5127478753541076 0.5491666666666667 0.5212464589235127 0.5516666666666666 0.5878186968838527 0.5291666666666667 0.6288951841359773 0.5066666666666667 0.6388101983002833 0.49583333333333335 0.669971671388102 0.48583333333333334 0.6784702549575071 0.4775 0.6501416430594901 0.45416666666666666 0.603399433427762 0.43583333333333335 0.5325779036827195 0.4425 0.5084985835694051 0.4508333333333333 0.4971671388101983 0.4625 0.5141643059490085 0.4995833333333333 0.5084985835694051 0.5416666666666666
19 0.1501416430594901 0.29833333333333334 0.16005665722379603 0.31166666666666665 0.1671388101983003 0.31333333333333335 0.16855524079320114 0.31666666666666665 0.14022662889518414 0.3383333333333333 0.1643059490084986 0.3408333333333333 0.17422096317280453 0.35083333333333333 0.19971671388101983 0.37833333333333335 0.2096317280453258 0.41 0.2521246458923513 0.4275 0.2747875354107649 0.42583333333333334 0.32152974504249293 0.39666666666666667 0.32011331444759206 0.38666666666666666 0.29178470254957506 0.37833333333333335 0.2719546742209632 0.365 0.21104815864022664 0.33666666666666667 0.15439093484419264 0.2966666666666667 0.12889518413597734 0.29583333333333334 0.12464589235127478 0.2966666666666667 0.1501416430594901 0.29833333333333334
19 0.04985835694050992 0.34487833333333334 0.07932011331444759 0.32221833333333333 0.13824362606232293 0.3302158333333333 0.1518413597733711 0.30888916666666666 0.09745042492917846 0.29955833333333337 0.0084985835694051 0.32366666666666666 0.04985835694050992 0.34487833333333334