19 0.5382165605095541 0 0.5222929936305732 0.008333333333333333 0.47770700636942676 0.03666666666666667 0.4267515923566879 0.09666666666666666 0.3996815286624204 0.1475 0.3853503184713376 0.20083333333333334 0.3821656050955414 0.2425 0.39012738853503187 0.28583333333333333 0.40605095541401276 0.30916666666666665 0.43312101910828027 0.325 0.552547770700637 0.325 0.60828025477707 0.3125 0.660828025477707 0.2891666666666667 0.7277070063694268 0.24 0.7484076433121019 0.21583333333333332 0.7754777070063694 0.16333333333333333 0.7818471337579618 0.0975 0.767515923566879 0.035833333333333335 0.7436305732484076 0 0.5382165605095541 0
19 0.5429936305732485 0.425 0.6019108280254777 0.4375 0.6560509554140127 0.4375 0.785031847133758 0.41833333333333333 0.804140127388535 0.4083333333333333 0.8232484076433121 0.3908333333333333 0.8280254777070064 0.3641666666666667 0.8136942675159236 0.3275 0.7961783439490446 0.31 0.7818471337579618 0.30333333333333334 0.7659235668789809 0.29833333333333334 0.7292993630573248 0.2941666666666667 0.6592356687898089 0.29583333333333334 0.6114649681528662 0.315 0.554140127388535 0.33 0.5302547770700637 0.32916666666666666 0.5318471337579618 0.3333333333333333 0.5461783439490446 0.335 0.5286624203821656 0.35833333333333334 0.5015923566878981 0.37666666666666665 0.5015923566878981 0.4 0.5429936305732485 0.425
19 0.13821656050955414 0.2449075 0.12292993630573248 0.207585 0.01592356687898089 0.20092083333333333 0.012738853503184714 0.2253333333333333 0.07707006369426751 0.21958166666666665 0.13821656050955414 0.2449075
19 0.15605095541401273 0.9991666666666666 0.22229299363057323 0.9220433333333333 0.2070063694267516 0.9060475 0.1484076433121019 0.8740574999999999 0.16878980891719744 0.8260716666666666 0.1305732484076433 0.8260716666666666 0.0643312101910828 0.8807216666666666 0.028662420382165606 0.9247091666666667 0.044585987261146494 0.9853333333333334 0.15605095541401273 0.9991666666666666
19 0.6477707006369426 0.8873866666666667 0.678343949044586 0.8433991666666666 0.6477707006369426 0.8433991666666666 0.5687898089171974 0.8553958333333332 0.5484076433121019 0.8500641666666666 0.5968152866242038 0.8247383333333334 0.6605095541401274 0.8154075000000001 0.6987261146496816 0.7900816666666667 0.6426751592356689 0.7874158333333333 0.5636942675159236 0.7980791666666667 0.6197452229299363 0.7660891666666667 0.678343949044586 0.7247675 0.767515923566879 0.7407625 0.6885350318471337 0.6927766666666667 0.586624203821656 0.6661183333333334 0.44904458598726116 0.68078 0.5101910828025478 0.6994416666666667 0.5687898089171974 0.7474275 0.5229299363057325 0.7807508333333333 0.42356687898089174 0.7594241666666667 0.456687898089172 0.8020783333333333 0.5127388535031847 0.8660599999999999 0.6095541401273885 0.9047149999999999 0.7980891719745222 0.93404 0.6477707006369426 0.8873866666666667
19 0.09235668789808917 0.3928641666666667 0.20955414012738852 0.3862 0.2503184713375796 0.35420916666666663 0.21719745222929937 0.35287583333333333 0.12802547770700637 0.3515433333333333 0.07961783439490445 0.31422083333333334 0.028662420382165606 0.3302158333333333 0.06687898089171974 0.3515433333333333 0.008280254777070064 0.3582075 0.006369426751592357 0.3903333333333333 0.09235668789808917 0.3928641666666667
19 0.20955414012738852 0.6994416666666667 0.16624203821656053 0.7007741666666667 0.15095541401273885 0.7274333333333333 0.09235668789808917 0.7261008333333333 0.08980891719745222 0.7181025 0.018471337579617834 0.7221016666666668 0.022292993630573247 0.8053333333333333 0.1484076433121019 0.7740866666666667 0.20955414012738852 0.6994416666666667
19 0.07452229299363057 0.6741158333333334 0.06687898089171974 0.6567875 0.09999999999999999 0.6287958333333333 0.15095541401273885 0.6381258333333333 0.09999999999999999 0.6154658333333333 0 0.596805 0.0057324840764331215 0.6221308333333333 0.041401273885350316 0.62613 0.0031847133757961785 0.6607858333333333 0.04904458598726115 0.69411 0.07452229299363057 0.6741158333333334
19 0.543312101910828 0.5088308333333333 0.4821656050955414 0.551485 0.5382165605095541 0.5701458333333332 0.4821656050955414 0.5874741666666667 0.4388535031847134 0.5781433333333333 0.4006369426751592 0.62613 0.4949044585987261 0.642125 0.5535031847133758 0.664785 0.7165605095541401 0.6687841666666667 0.5356687898089172 0.6327941666666667 0.6299363057324842 0.6008033333333334 0.6885350318471337 0.5688133333333334 0.7955414012738854 0.5408208333333333 0.770063694267516 0.5048316666666667 0.8796178343949044 0.49816666666666665 0.9808917197452229 0.442 0.7318471337579618 0.4688425 0.543312101910828 0.5088308333333333
19 0.2681528662420382 0.4461825 0.22484076433121017 0.4275208333333333 0.16369426751592356 0.4341858333333333 0.08980891719745222 0.4155241666666667 0.03630573248407643 0.4275208333333333 0.09490445859872612 0.46750916666666664 0.1178343949044586 0.492 0.2503184713375796 0.46484333333333333 0.2681528662420382 0.4461825
19 0.20955414012738852 0.8420666666666666 0.2681528662420382 0.8567291666666667 0.2910828025477707 0.8260716666666666 0.26560509554140127 0.8034108333333333 0.30127388535031846 0.791415 0.28853503184713375 0.7807508333333333 0.2197452229299363 0.8047441666666667 0.20955414012738852 0.8220725 0.20955414012738852 0.8420666666666666
19 0.25477707006369427 0.2025 0.2818471337579618 0.25416666666666665 0.2914012738853503 0.25916666666666666 0.321656050955414 0.30416666666666664 0.35987261146496813 0.33166666666666667 0.37261146496815284 0.33416666666666667 0.3996815286624204 0.315 0.3821656050955414 0.2808333333333333 0.38057324840764334 0.2125 0.3853503184713376 0.18 0.410828025477707 0.11583333333333333 0.3869426751592357 0.1075 0.3487261146496815 0.10583333333333333 0.32643312101910826 0.10833333333333334 0.2770700636942675 0.12583333333333332 0.2531847133757962 0.15083333333333335 0.25 0.185 0.25477707006369427 0.2025
19 0.4713375796178344 0.46166666666666667 0.4856687898089172 0.4775 0.4840764331210191 0.495 0.48089171974522293 0.505 0.4585987261146497 0.5266666666666666 0.4140127388535032 0.55 0.42356687898089174 0.555 0.4840764331210191 0.5466666666666666 0.5334394904458599 0.5125 0.5382165605095541 0.5016666666666667 0.5286624203821656 0.4683333333333333 0.5095541401273885 0.44916666666666666 0.4601910828025478 0.4266666666666667 0.445859872611465 0.425 0.4585987261146497 0.4558333333333333 0.4713375796178344 0.46166666666666667