7 0.46875 0.8448844884488449 0.53125 0.8283828382838284 0.6049107142857143 0.8234323432343235 0.6383928571428571 0.806930693069307 0.6428571428571429 0.7920792079207921 0.6116071428571429 0.7673267326732673 0.5736607142857143 0.764026402640264 0.5133928571428571 0.7788778877887789 0.45982142857142855 0.8085808580858086 0.4575892857142857 0.834983498349835 0.46875 0.8448844884488449
7 0.6785714285714286 0.9702970297029703 0.7120535714285714 0.9620462046204621 0.7276785714285714 0.9488448844884488 0.7075892857142857 0.9158415841584159 0.6808035714285714 0.9240924092409241 0.6607142857142857 0.9422442244224423 0.6584821428571429 0.9554455445544554 0.6785714285714286 0.9702970297029703
7 0.5267857142857143 0.8811881188118812 0.5446428571428571 0.8679867986798679 0.5401785714285714 0.8547854785478548 0.5223214285714286 0.8448844884488449 0.4888392857142857 0.8597359735973598 0.49330357142857145 0.8778877887788779 0.5267857142857143 0.8811881188118812
7 0.37723214285714285 0.9191419141914191 0.39732142857142855 0.9191419141914191 0.41294642857142855 0.9075907590759076 0.39285714285714285 0.8960396039603961 0.36830357142857145 0.905940594059406 0.36607142857142855 0.9141914191419142 0.37723214285714285 0.9191419141914191
7 0.39732142857142855 0.9735973597359736 0.42857142857142855 0.9537953795379538 0.4107142857142857 0.9471947194719472 0.38839285714285715 0.9521452145214522 0.38169642857142855 0.9636963696369637 0.39732142857142855 0.9735973597359736
7 0.5803571428571429 0.905940594059406 0.5915178571428571 0.8993399339933993 0.5714285714285714 0.8778877887788779 0.5401785714285714 0.8861386138613861 0.5491071428571429 0.9042904290429042 0.5803571428571429 0.905940594059406
7 0.5714285714285714 0.5396039603960396 0.59375 0.5396039603960396 0.6138392857142857 0.5247524752475248 0.6071428571428571 0.5099009900990099 0.5714285714285714 0.48514851485148514 0.5625 0.48514851485148514 0.5424107142857143 0.504950495049505 0.5446428571428571 0.5247524752475248 0.5714285714285714 0.5396039603960396
7 0.49107142857142855 0.17326732673267325 0.5334821428571429 0.16996699669966997 0.5602678571428571 0.17491749174917492 0.59375 0.16501650165016502 0.7209821428571429 0.19141914191419143 0.7366071428571429 0.19141914191419143 0.7433035714285714 0.17986798679867988 0.7276785714285714 0.14686468646864687 0.6517857142857143 0.13036303630363036 0.6183035714285714 0.13366336633663367 0.5848214285714286 0.1254125412541254 0.5446428571428571 0.12706270627062707 0.49776785714285715 0.132013201320132 0.4732142857142857 0.14356435643564355 0.46205357142857145 0.16336633663366337 0.49107142857142855 0.17326732673267325
7 0.46205357142857145 0 0.48214285714285715 0.033003300330033 0.5334821428571429 0.033003300330033 0.53125 0.019801980198019802 0.5111607142857143 0 0.46205357142857145 0
7 0.6875 0.0924092409240924 0.7254464285714286 0.09735973597359736 0.7678571428571429 0.0858085808580858 0.7790178571428571 0.07590759075907591 0.7790178571428571 0.057755775577557754 0.75 0.039603960396039604 0.6763392857142857 0.07590759075907591 0.6741071428571429 0.08250825082508251 0.6875 0.0924092409240924
7 0.7611607142857143 0.041254125412541254 0.7946428571428571 0.06930693069306931 0.828125 0.066006600660066 0.8258928571428571 0.028052805280528052 0.7790178571428571 0.01155115511551155 0.7522321428571429 0.026402640264026403 0.7477678571428571 0.037953795379537955 0.7611607142857143 0.041254125412541254
7 0.5223214285714286 0.1188118811881188 0.5290178571428571 0.09900990099009901 0.49776785714285715 0.09735973597359736 0.4955357142857143 0.11056105610561057 0.5223214285714286 0.1188118811881188
7 0.16517857142857142 0.47854785478547857 0.23214285714285715 0.47029702970297027 0.24107142857142858 0.4834983498349835 0.23883928571428573 0.5247524752475248 0.24553571428571427 0.5379537953795379 0.234375 0.5544554455445545 0.21428571428571427 0.5528052805280528 0.18973214285714285 0.5775577557755776 0.18303571428571427 0.6402640264026402 0.1875 0.6534653465346535 0.20758928571428573 0.6600660066006601 0.2544642857142857 0.6534653465346535 0.2611607142857143 0.6468646864686468 0.2544642857142857 0.570957095709571 0.28125 0.523102310231023 0.31919642857142855 0.5198019801980198 0.33482142857142855 0.504950495049505 0.3705357142857143 0.5 0.4419642857142857 0.47194719471947194 0.45535714285714285 0.4603960396039604 0.45535714285714285 0.4521452145214521 0.4330357142857143 0.4372937293729373 0.43080357142857145 0.4240924092409241 0.41517857142857145 0.4174917491749175 0.39732142857142855 0.42574257425742573 0.4017857142857143 0.4521452145214521 0.3482142857142857 0.45544554455445546 0.3169642857142857 0.4471947194719472 0.30357142857142855 0.42244224422442245 0.27901785714285715 0.41089108910891087 0.30357142857142855 0.3696369636963696 0.29910714285714285 0.3580858085808581 0.2700892857142857 0.3481848184818482 0.22991071428571427 0.3580858085808581 0.21428571428571427 0.38613861386138615 0.14955357142857142 0.4537953795379538 0.14732142857142858 0.46534653465346537 0.16517857142857142 0.47854785478547857
7 0.7053571428571429 0.7937293729372937 0.765625 0.8366336633663366 0.8125 0.8531353135313532 0.8125 0.8234323432343235 0.7991071428571429 0.8135313531353136 0.796875 0.7953795379537953 0.8080357142857143 0.7821782178217822 0.8058035714285714 0.7541254125412541 0.7946428571428571 0.7376237623762376 0.765625 0.7128712871287128 0.7433035714285714 0.7128712871287128 0.71875 0.7277227722772277 0.6986607142857143 0.7508250825082509 0.7053571428571429 0.7937293729372937
7 0.8147321428571429 0.8613861386138614 0.8325892857142857 0.8729372937293729 0.8549107142857143 0.9042904290429042 0.8883928571428571 0.8762376237623762 0.8861607142857143 0.8564356435643564 0.8549107142857143 0.8102310231023102 0.8191964285714286 0.8085808580858086 0.8125 0.8151815181518152 0.8147321428571429 0.8613861386138614
7 0.5357142857142857 0.7112211221122112 0.59375 0.7392739273927392 0.6294642857142857 0.735973597359736 0.6450892857142857 0.7194719471947195 0.6450892857142857 0.7013201320132013 0.625 0.6716171617161716 0.6026785714285714 0.665016501650165 0.578125 0.6468646864686468 0.5513392857142857 0.6534653465346535 0.5357142857142857 0.6468646864686468 0.5066964285714286 0.6551155115511551 0.5044642857142857 0.6765676567656765 0.5357142857142857 0.7112211221122112
7 0.38169642857142855 0.5478547854785478 0.38392857142857145 0.5627062706270627 0.38839285714285715 0.5742574257425742 0.4107142857142857 0.570957095709571 0.42857142857142855 0.5759075907590759 0.43080357142857145 0.5495049504950495 0.47098214285714285 0.5462046204620462 0.484375 0.528052805280528 0.47098214285714285 0.5165016501650165 0.44419642857142855 0.5099009900990099 0.40848214285714285 0.5198019801980198 0.4017857142857143 0.5346534653465347 0.38169642857142855 0.5478547854785478
7 0.3236607142857143 0.8085808580858086 0.34375 0.7953795379537953 0.34598214285714285 0.7722772277227723 0.3236607142857143 0.764026402640264 0.3125 0.7739273927392739 0.31026785714285715 0.8003300330033003 0.3236607142857143 0.8085808580858086
7 0.32142857142857145 0.759075907590759 0.34151785714285715 0.7541254125412541 0.35267857142857145 0.740924092409241 0.3482142857142857 0.7244224422442245 0.3169642857142857 0.7343234323432343 0.3125 0.740924092409241 0.32142857142857145 0.759075907590759
7 0.5424107142857143 0.33663366336633666 0.5580357142857143 0.33828382838283827 0.5714285714285714 0.3316831683168317 0.5647321428571429 0.3184818481848185 0.5357142857142857 0.3201320132013201 0.5334821428571429 0.3316831683168317 0.5424107142857143 0.33663366336633666
7 0.6049107142857143 0.3316831683168317 0.6428571428571429 0.3217821782178218 0.6428571428571429 0.3069306930693069 0.6205357142857143 0.29372937293729373 0.5982142857142857 0.29372937293729373 0.5825892857142857 0.30198019801980197 0.5825892857142857 0.31683168316831684 0.6049107142857143 0.3316831683168317
7 0.5825892857142857 0.3712871287128713 0.5915178571428571 0.35313531353135313 0.5758928571428571 0.3481848184818482 0.5669642857142857 0.3547854785478548 0.5647321428571429 0.3696369636963696 0.5825892857142857 0.3712871287128713
7 0.6428571428571429 0.4372937293729373 0.6540178571428571 0.4372937293729373 0.6607142857142857 0.429042904290429 0.65625 0.41089108910891087 0.6361607142857143 0.39603960396039606 0.6183035714285714 0.3943894389438944 0.6160714285714286 0.41914191419141916 0.6428571428571429 0.4372937293729373
7 0.6316964285714286 0.4570957095709571 0.6361607142857143 0.4389438943894389 0.6205357142857143 0.42574257425742573 0.609375 0.42574257425742573 0.5982142857142857 0.43564356435643564 0.6049107142857143 0.45874587458745875 0.6316964285714286 0.4570957095709571
7 0.6763392857142857 0.6138613861386139 0.7008928571428571 0.6155115511551155 0.7120535714285714 0.6089108910891089 0.7209821428571429 0.5924092409240924 0.7142857142857143 0.5726072607260726 0.6830357142857143 0.5495049504950495 0.6629464285714286 0.5478547854785478 0.6272321428571429 0.570957095709571 0.6316964285714286 0.5957095709570958 0.6763392857142857 0.6138613861386139
7 0.6428571428571429 0.5561056105610561 0.6897321428571429 0.5429042904290429 0.6875 0.533003300330033 0.6607142857142857 0.5214521452145214 0.6294642857142857 0.5297029702970297 0.625 0.5429042904290429 0.6428571428571429 0.5561056105610561
7 0.7120535714285714 0.4603960396039604 0.7522321428571429 0.47194719471947194 0.7589285714285714 0.4537953795379538 0.7477678571428571 0.4174917491749175 0.7366071428571429 0.41089108910891087 0.6897321428571429 0.41089108910891087 0.6919642857142857 0.44554455445544555 0.7120535714285714 0.4603960396039604
7 0.6584821428571429 0.2508250825082508 0.6986607142857143 0.24917491749174916 0.6964285714285714 0.23102310231023102 0.671875 0.21617161716171618 0.6450892857142857 0.21947194719471946 0.6361607142857143 0.22772277227722773 0.6361607142857143 0.24422442244224424 0.6584821428571429 0.2508250825082508
7 0.47767857142857145 0.2623762376237624 0.4642857142857143 0.24092409240924093 0.44419642857142855 0.24752475247524752 0.4375 0.26567656765676567 0.47767857142857145 0.2623762376237624
7 0.4107142857142857 0.264026402640264 0.40401785714285715 0.25412541254125415 0.38839285714285715 0.25577557755775576 0.38839285714285715 0.26732673267326734 0.4107142857142857 0.264026402640264
7 0.37723214285714285 0.18316831683168316 0.38392857142857145 0.17656765676567657 0.37723214285714285 0.1617161716171617 0.36160714285714285 0.1617161716171617 0.3549107142857143 0.16996699669966997 0.359375 0.18151815181518152 0.37723214285714285 0.18316831683168316
7 0.8303571428571429 0.2854785478547855 0.8392857142857143 0.27722772277227725 0.8348214285714286 0.264026402640264 0.8258928571428571 0.25412541254125415 0.8102678571428571 0.25577557755775576 0.8080357142857143 0.28052805280528054 0.8303571428571429 0.2854785478547855
7 0.796875 0.5396039603960396 0.8147321428571429 0.5561056105610561 0.828125 0.5561056105610561 0.8415178571428571 0.5363036303630363 0.8392857142857143 0.5214521452145214 0.8303571428571429 0.5132013201320133 0.7991071428571429 0.5165016501650165 0.7924107142857143 0.5214521452145214 0.796875 0.5396039603960396
7 0.7299107142857143 0.6617161716171617 0.7410714285714286 0.6600660066006601 0.7611607142857143 0.6320132013201321 0.7433035714285714 0.6155115511551155 0.7276785714285714 0.6155115511551155 0.7120535714285714 0.6270627062706271 0.7075892857142857 0.6518151815181518 0.7299107142857143 0.6617161716171617
7 0.8482142857142857 0.6188118811881188 0.8616071428571429 0.636963696369637 0.8727678571428571 0.6353135313531353 0.8794642857142857 0.6039603960396039 0.8571428571428571 0.570957095709571 0.828125 0.5643564356435643 0.8169642857142857 0.570957095709571 0.8236607142857143 0.6039603960396039 0.8482142857142857 0.6188118811881188
7 0.8191964285714286 0.6683168316831684 0.8214285714285714 0.6897689768976898 0.8482142857142857 0.6963696369636964 0.8683035714285714 0.693069306930693 0.9129464285714286 0.6600660066006601 0.9129464285714286 0.641914191419142 0.9040178571428571 0.6320132013201321 0.8794642857142857 0.6254125412541254 0.8727678571428571 0.6336633663366337 0.8571428571428571 0.6237623762376238 0.8392857142857143 0.6617161716171617 0.8191964285714286 0.6683168316831684
7 0.8861607142857143 0.7574257425742574 0.9129464285714286 0.7260726072607261 0.9107142857142857 0.7095709570957096 0.8861607142857143 0.6881188118811881 0.8616071428571429 0.7046204620462047 0.8549107142857143 0.7260726072607261 0.8861607142857143 0.7574257425742574
7 0.625 0.9983498349834984 0.6071428571428571 0.9834983498349835 0.5647321428571429 0.9884488448844885 0.5602678571428571 0.9983498349834984 0.625 0.9983498349834984