16 0.6845703125 0.13569321533923304 0.712890625 0.15486725663716813 0.72265625 0.15339233038348082 0.73828125 0.13569321533923304 0.7451171875 0.11799410029498525 0.7421875 0.10029498525073746 0.7333984375 0.06932153392330384 0.71875 0.05014749262536873 0.7099609375 0.045722713864306784 0.689453125 0.05014749262536873 0.681640625 0.06637168141592921 0.6728515625 0.11209439528023599 0.6845703125 0.13569321533923304
16 0.693359375 0.5221238938053098 0.7099609375 0.5530973451327433 0.736328125 0.5471976401179941 0.7509765625 0.5250737463126843 0.7548828125 0.5014749262536873 0.7529296875 0.47050147492625366 0.73828125 0.4306784660766962 0.71875 0.42625368731563423 0.701171875 0.4336283185840708 0.6953125 0.4410029498525074 0.6884765625 0.4749262536873156 0.6875 0.4911504424778761 0.693359375 0.5221238938053098
16 0.9208984375 0.8805309734513275 0.9345703125 0.9041297935103245 0.947265625 0.911504424778761 0.962890625 0.8982300884955752 0.970703125 0.8716814159292036 0.9697265625 0.8259587020648967 0.9599609375 0.7890855457227138 0.947265625 0.7669616519174042 0.9384765625 0.7566371681415929 0.927734375 0.7581120943952803 0.9140625 0.7846607669616519 0.91015625 0.8097345132743363 0.9111328125 0.8495575221238938 0.9208984375 0.8805309734513275
16 0.708984375 0.9587020648967551 0.728515625 0.976401179941003 0.744140625 0.9705014749262537 0.7529296875 0.9513274336283186 0.755859375 0.9306784660766961 0.748046875 0.8967551622418879 0.7392578125 0.8775811209439528 0.7333984375 0.8687315634218289 0.7197265625 0.8643067846607669 0.705078125 0.8731563421828908 0.69921875 0.8967551622418879 0.6982421875 0.9233038348082596 0.708984375 0.9587020648967551
16 0.4736328125 0.4557522123893805 0.4853515625 0.4690265486725664 0.5 0.4631268436578171 0.5146484375 0.4277286135693215 0.5107421875 0.3967551622418879 0.501953125 0.37168141592920356 0.4970703125 0.36578171091445427 0.48828125 0.3687315634218289 0.466796875 0.4026548672566372 0.46484375 0.42035398230088494 0.4736328125 0.4557522123893805
16 0.22265625 0.28761061946902655 0.2451171875 0.3215339233038348 0.25390625 0.32595870206489674 0.263671875 0.3230088495575221 0.291015625 0.2743362831858407 0.2939453125 0.24336283185840707 0.2880859375 0.19911504424778761 0.2802734375 0.1710914454277286 0.26953125 0.16224188790560473 0.2607421875 0.14454277286135694 0.2353515625 0.1607669616519174 0.2158203125 0.22713864306784662 0.21484375 0.24336283185840707 0.22265625 0.28761061946902655
16 0.150390625 0.24041297935103245 0.15625 0.2551622418879056 0.1708984375 0.2610619469026549 0.185546875 0.30383480825958703 0.2001953125 0.30383480825958703 0.2197265625 0.2890855457227139 0.2138671875 0.2345132743362832 0.2265625 0.18141592920353983 0.220703125 0.16666666666666666 0.197265625 0.13864306784660768 0.1796875 0.13274336283185842 0.1552734375 0.15781710914454278 0.1435546875 0.19469026548672566 0.142578125 0.21386430678466076 0.150390625 0.24041297935103245
16 0.0693359375 0.17699115044247787 0.0869140625 0.18436578171091444 0.111328125 0.18141592920353983 0.1298828125 0.168141592920354 0.150390625 0.12684365781710916 0.14453125 0.10471976401179942 0.134765625 0.09144542772861357 0.1044921875 0.09292035398230089 0.0810546875 0.11356932153392331 0.0771484375 0.1224188790560472 0.0693359375 0.1430678466076696 0.0693359375 0.17699115044247787
16 0.0107421875 0.24188790560471976 0.025390625 0.2640117994100295 0.0361328125 0.2669616519174041 0.06640625 0.24336283185840707 0.08203125 0.20058997050147492 0.0791015625 0.1887905604719764 0.06640625 0.17994100294985252 0.064453125 0.16666666666666666 0.048828125 0.16371681415929204 0.021484375 0.168141592920354 0.0078125 0.20648967551622419 0.005859375 0.22271386430678466 0.0107421875 0.24188790560471976
16 0.0380859375 0.7050147492625368 0.0546875 0.7271386430678466 0.0654296875 0.7300884955752213 0.076171875 0.724188790560472 0.0859375 0.7079646017699115 0.09375 0.6755162241887905 0.0947265625 0.6474926253687315 0.08203125 0.6047197640117994 0.0634765625 0.6002949852507374 0.056640625 0.6032448377581121 0.0390625 0.6327433628318584 0.0322265625 0.6592920353982301 0.0302734375 0.6784660766961652 0.0380859375 0.7050147492625368
16 0.2333984375 0.616519174041298 0.244140625 0.6194690265486725 0.2509765625 0.6150442477876106 0.26171875 0.588495575221239 0.263671875 0.56047197640118 0.2626953125 0.532448377581121 0.2490234375 0.49262536873156343 0.2392578125 0.4837758112094395 0.2236328125 0.4911504424778761 0.208984375 0.5176991150442478 0.205078125 0.5383480825958702 0.20703125 0.5811209439528023 0.2333984375 0.616519174041298
16 0.1669921875 0.8923303834808259 0.17578125 0.887905604719764 0.1962890625 0.8613569321533924 0.205078125 0.8348082595870207 0.2060546875 0.8053097345132744 0.197265625 0.7595870206489675 0.1875 0.7404129793510325 0.177734375 0.7374631268436578 0.1640625 0.7905604719764012 0.146484375 0.8171091445427728 0.1435546875 0.8407079646017699 0.1669921875 0.8923303834808259
16 0.302734375 0.6902654867256637 0.330078125 0.7182890855457227 0.3427734375 0.7020648967551623 0.349609375 0.6843657817109144 0.349609375 0.6430678466076696 0.3310546875 0.6135693215339233 0.3154296875 0.6106194690265486 0.2978515625 0.6533923303834809 0.296875 0.668141592920354 0.302734375 0.6902654867256637
16 0.26953125 0.6814159292035398 0.287109375 0.6784660766961652 0.294921875 0.6696165191740413 0.3134765625 0.6135693215339233 0.30859375 0.6047197640117994 0.2822265625 0.6106194690265486 0.26953125 0.6253687315634219 0.2607421875 0.6474926253687315 0.2607421875 0.6651917404129793 0.26953125 0.6814159292035398
16 0.6123046875 0.8687315634218289 0.6279296875 0.8702064896755162 0.642578125 0.8480825958702065 0.640625 0.8244837758112095 0.625 0.8082595870206489 0.611328125 0.8067846607669616 0.5947265625 0.8215339233038348 0.5927734375 0.8525073746312685 0.6123046875 0.8687315634218289
16 0.6474609375 0.9557522123893806 0.654296875 0.9616519174041298 0.66796875 0.9513274336283186 0.6787109375 0.9262536873156342 0.6787109375 0.8952802359882006 0.6689453125 0.8643067846607669 0.6640625 0.855457227138643 0.650390625 0.8525073746312685 0.6328125 0.8731563421828908 0.6318359375 0.911504424778761 0.6474609375 0.9557522123893806
16 0.5947265625 0.9262536873156342 0.61328125 0.9188790560471977 0.623046875 0.9026548672566371 0.626953125 0.887905604719764 0.625 0.8731563421828908 0.615234375 0.8716814159292036 0.5927734375 0.8539823008849557 0.5859375 0.8672566371681416 0.5869140625 0.9041297935103245 0.5947265625 0.9262536873156342
16 0.6640625 0.5678466076696165 0.6865234375 0.5855457227138643 0.7138671875 0.584070796460177 0.7138671875 0.5634218289085545 0.701171875 0.5471976401179941 0.6865234375 0.5 0.66796875 0.4896755162241888 0.6591796875 0.4941002949852507 0.654296875 0.5088495575221239 0.654296875 0.5457227138643068 0.6640625 0.5678466076696165