19 0.6293478260869565 0.9181252236135956 0.6521739130434783 0.8752039355992844 0.6554347826086956 0.8351431127012523 0.625 0.8151144901610018 0.5880434782608696 0.8394364937388193 0.601086956521739 0.9052486583184257 0.6480978260869565 0.9771019677996423 0.6293478260869565 0.9181252236135956
19 0.591304347826087 0.6419982110912343 0.5880434782608696 0.7006565295169945 0.6326086956521739 0.7421466905187836 0.6663043478260869 0.6906422182468694 0.6532608695652175 0.6305527728085867 0.6826086956521739 0.607660107334526 0.6847826086956522 0.542397137745975 0.6391304347826087 0.563309481216458 0.591304347826087 0.6419982110912343
19 0.7217391304347827 0.5332647584973167 0.7402173913043477 0.5704633273703041 0.7728260869565217 0.6105223613595706 0.8217391304347825 0.6419982110912343 0.8913043478260869 0.6677513416815742 0.9380434782608695 0.6691806797853309 0.9467391304347825 0.6505813953488372 0.9369565217391305 0.6348443649373882 0.9097826086956522 0.6305527728085867 0.907608695652174 0.6090912343470484 0.8717391304347827 0.6090912343470484 0.8804347826086957 0.5718926654740608 0.8282608695652174 0.5332647584973167 0.7565217391304347 0.4917728085867621 0.7402173913043477 0.5118032200357782 0.71875 0.5352415026833631 0.7217391304347827 0.5332647584973167
19 0.7543478260869566 0.26428980322003576 0.6934782608695652 0.28002862254025046 0.7315217391304347 0.31150447227191413 0.7347826086956522 0.35299463327370306 0.7228260869565217 0.3901932021466905 0.7934782608695652 0.3873309481216458 0.851086956521739 0.36444007155635066 0.8940217391304348 0.31699463327370303 0.8489130434782608 0.2871824686940966 0.7543478260869566 0.26428980322003576
19 0.22826086956521738 0.812252236135957 0.22391304347826088 0.840865831842576 0.2532608695652174 0.8308515205724508 0.2532608695652174 0.853742397137746 0.21413043478260868 0.8880805008944544 0.22282608695652173 0.9181252236135956 0.2467391304347826 0.8938032200357782 0.22934782608695653 0.9410161001788909 0.20978260869565218 0.9667692307692307 0.21195652173913043 0.9968139534883722 0.2434782608695652 0.9624776386404293 0.2576086956521739 0.9667692307692307 0.23804347826086955 0.9953828264758497 0.26304347826086955 0.989660107334526 0.266304347826087 0.7879302325581395 0.22826086956521738 0.812252236135957
19 0.45 0.4231001788908766 0.4847826086956522 0.39591592128801434 0.5010869565217392 0.4188067978533095 0.5119565217391304 0.40020751341681576 0.5619565217391305 0.43597495527728086 0.55 0.38447048300536674 0.5902173913043478 0.43025223613595703 0.6271739130434782 0.44026833631484796 0.6565217391304348 0.41308407871198566 0.6467391304347826 0.40020751341681576 0.6141304347826086 0.4073613595706619 0.5695652173913043 0.3601484794275492 0.4771739130434782 0.36157960644007153 0.38179347826086957 0.4118067978533095 0.45 0.4231001788908766
19 0.2826086956521739 0.5518640429338104 0.2717391304347826 0.5275420393559929 0.2423913043478261 0.5361252236135957 0.19456521739130433 0.5032182468694096 0.16956521739130434 0.5103720930232558 0.1331521739130435 0.6085867620751342 0.21739130434782608 0.5733237924865832 0.2826086956521739 0.5518640429338104
19 0.13043478260869565 0.8422969588550984 0.13804347826086955 0.7993756708407871 0.10543478260869564 0.7907924865831842 0.08586956521739131 0.8008067978533095 0.06847826086956521 0.8108211091234347 0.06195652173913044 0.8523130590339892 0.07880434782608696 0.8644007155635063 0.10326086956521739 0.8351431127012523 0.13043478260869565 0.8422969588550984
19 0.32065217391304346 0.6191073345259392 0.3673913043478261 0.6219677996422183 0.4206521739130435 0.6520125223613596 0.47282608695652173 0.6663202146690519 0.46304347826086956 0.6191073345259392 0.4097826086956522 0.5776153846153846 0.34021739130434786 0.5590161001788909 0.2907608695652174 0.540608228980322 0.28804347826086957 0.5819087656529517 0.32065217391304346 0.6191073345259392
19 0.11956521739130435 0.24426118067978533 0.16086956521739132 0.23996779964221823 0.1989130434782609 0.21564579606440074 0.2021739130434783 0.17844722719141323 0.1826086956521739 0.2099230769230769 0.14891304347826087 0.1884633273703041 0.10760869565217392 0.18989445438282646 0.09103260869565218 0.2150268336314848 0.11956521739130435 0.24426118067978533
19 0.383695652173913 0.07686762075134168 0.38913043478260867 0.042531305903398924 0.3771739130434783 0.028223613595706618 0.3328804347826087 0.06833631484794277 0.3565217391304348 0.09546690518783542 0.383695652173913 0.07686762075134168
19 0.29130434782608694 0.7135330948121646 0.31630434782608696 0.7249785330948121 0.325 0.776484794275492 0.34021739130434786 0.7392862254025045 0.3771739130434783 0.7750536672629695 0.3739130434782609 0.7392862254025045 0.3456521739130435 0.7106726296958855 0.28043478260869564 0.6706118067978534 0.29130434782608694 0.7135330948121646