7 0.5577557755775577 0.359375 0.570957095709571 0.37276785714285715 0.5874587458745875 0.375 0.6138613861386139 0.3236607142857143 0.6138613861386139 0.2924107142857143 0.5858085808580858 0.2767857142857143 0.5643564356435643 0.28794642857142855 0.5478547854785478 0.31473214285714285 0.5445544554455446 0.3325892857142857 0.5577557755775577 0.359375
7 0.054455445544554455 0.27455357142857145 0.0627062706270627 0.30357142857142855 0.07920792079207921 0.3169642857142857 0.09405940594059406 0.2857142857142857 0.0858085808580858 0.22991071428571427 0.07425742574257425 0.21875 0.057755775577557754 0.21875 0.04455445544554455 0.23214285714285715 0.041254125412541254 0.25669642857142855 0.054455445544554455 0.27455357142857145
7 0.13696369636963696 0.5178571428571429 0.1617161716171617 0.5379464285714286 0.1716171617161716 0.5111607142857143 0.1716171617161716 0.3638392857142857 0.18316831683168316 0.30357142857142855 0.20132013201320131 0.25669642857142855 0.18316831683168316 0.25 0.1485148514851485 0.26785714285714285 0.14356435643564355 0.27455357142857145 0.1485148514851485 0.28348214285714285 0.14356435643564355 0.3236607142857143 0.13036303630363036 0.34598214285714285 0.13036303630363036 0.48660714285714285 0.13696369636963696 0.5178571428571429
7 0 0.5357142857142857 0.033003300330033 0.515625 0.034653465346534656 0.4642857142857143 0.018151815181518153 0.46651785714285715 0 0.48660714285714285 0 0.5357142857142857
7 0.036303630363036306 0.2544642857142857 0.041254125412541254 0.23660714285714285 0.07095709570957096 0.203125 0.07425742574257425 0.18080357142857142 0.0627062706270627 0.16741071428571427 0.037953795379537955 0.16741071428571427 0.02145214521452145 0.18973214285714285 0.01155115511551155 0.22098214285714285 0.036303630363036306 0.2544642857142857
7 0.504950495049505 0.45535714285714285 0.523102310231023 0.45535714285714285 0.5379537953795379 0.43080357142857145 0.5396039603960396 0.40401785714285715 0.5264026402640264 0.38392857142857145 0.504950495049505 0.39732142857142855 0.48514851485148514 0.43526785714285715 0.504950495049505 0.45535714285714285
7 0.4389438943894389 0.39955357142857145 0.4504950495049505 0.4017857142857143 0.45874587458745875 0.39285714285714285 0.45544554455445546 0.3638392857142857 0.4389438943894389 0.36160714285714285 0.4273927392739274 0.375 0.42574257425742573 0.3861607142857143 0.4389438943894389 0.39955357142857145
7 0.4389438943894389 0.3080357142857143 0.4570957095709571 0.2924107142857143 0.47194719471947194 0.25223214285714285 0.466996699669967 0.24107142857142858 0.4471947194719472 0.24107142857142858 0.4207920792079208 0.24776785714285715 0.41089108910891087 0.26339285714285715 0.4075907590759076 0.30580357142857145 0.4389438943894389 0.3080357142857143
7 0.5753580858085808 0.18303571428571427 0.6100115511551155 0.17410714285714285 0.7139719471947195 0.18080357142857142 0.7271732673267326 0.2700892857142857 0.748625412541254 0.29464285714285715 0.7832788778877887 0.296875 0.7981303630363036 0.29017857142857145 0.8129818481848184 0.25669642857142855 0.8377343234323432 0.23660714285714285 0.8492854785478549 0.19642857142857142 0.9070412541254126 0.14285714285714285 0.8822887788778878 0.11160714285714286 0.8492854785478549 0.11830357142857142 0.8179323432343234 0.14285714285714285 0.7304735973597359 0.08482142857142858 0.7139719471947195 0.08705357142857142 0.6991204620462046 0.10044642857142858 0.6529158415841584 0.08258928571428571 0.6397145214521451 0.08705357142857142 0.631463696369637 0.109375 0.5951600660066007 0.125 0.5737079207920792 0.14732142857142858 0.5687574257425743 0.17410714285714285 0.5753580858085808 0.18303571428571427
7 0.7755775577557755 0.4799107142857143 0.8003300330033003 0.53125 0.8118811881188119 0.5401785714285714 0.8415841584158416 0.5379464285714286 0.8168316831683168 0.37723214285714285 0.801980198019802 0.359375 0.7887788778877888 0.35714285714285715 0.7722772277227723 0.37276785714285715 0.764026402640264 0.3950892857142857 0.764026402640264 0.4263392857142857 0.7755775577557755 0.4799107142857143
7 0.6468646864686468 0.4642857142857143 0.6551155115511551 0.49107142857142855 0.6716171617161716 0.4955357142857143 0.7095709570957096 0.46205357142857145 0.7376237623762376 0.39955357142857145 0.7326732673267327 0.36830357142857145 0.7161716171617162 0.3549107142857143 0.6864686468646864 0.36160714285714285 0.6732673267326733 0.37723214285714285 0.6468646864686468 0.41964285714285715 0.6468646864686468 0.4642857142857143
7 0.4174917491749175 0.8102678571428571 0.45874587458745875 0.8504464285714286 0.47029702970297027 0.8482142857142857 0.47854785478547857 0.8303571428571429 0.4735973597359736 0.8080357142857143 0.4570957095709571 0.7901785714285714 0.46534653465346537 0.7633928571428571 0.504950495049505 0.75 0.5247524752475248 0.7544642857142857 0.5346534653465347 0.7433035714285714 0.5346534653465347 0.7299107142857143 0.5214521452145214 0.71875 0.5148514851485149 0.6986607142857143 0.5214521452145214 0.6830357142857143 0.46204620462046203 0.5424107142857143 0.4504950495049505 0.5446428571428571 0.43234323432343236 0.5736607142857143 0.45874587458745875 0.6004464285714286 0.44884488448844884 0.6785714285714286 0.4207920792079208 0.6941964285714286 0.42244224422442245 0.7053571428571429 0.4042904290429043 0.7254464285714286 0.400990099009901 0.7790178571428571 0.4174917491749175 0.8102678571428571
7 0.5181518151815182 0.5892857142857143 0.5412541254125413 0.6049107142857143 0.5429042904290429 0.6272321428571429 0.5841584158415841 0.6205357142857143 0.570957095709571 0.6004464285714286 0.5759075907590759 0.5714285714285714 0.5429042904290429 0.5602678571428571 0.5495049504950495 0.5379464285714286 0.5363036303630363 0.5133928571428571 0.5264026402640264 0.5133928571428571 0.5115511551155115 0.5424107142857143 0.5115511551155115 0.5758928571428571 0.5181518151815182 0.5892857142857143
7 0.3069306930693069 0.41964285714285715 0.31518151815181517 0.4174107142857143 0.3316831683168317 0.390625 0.31683168316831684 0.35044642857142855 0.2953795379537954 0.375 0.2953795379537954 0.40848214285714285 0.3069306930693069 0.41964285714285715
7 0.31683168316831684 0.31473214285714285 0.3415841584158416 0.3169642857142857 0.33828382838283827 0.2857142857142857 0.32673267326732675 0.2767857142857143 0.31683168316831684 0.28125 0.3118811881188119 0.28794642857142855 0.31683168316831684 0.31473214285714285
7 0.27722772277227725 0.19196428571428573 0.2887788778877888 0.17410714285714285 0.27887788778877887 0.15848214285714285 0.25412541254125415 0.171875 0.2590759075907591 0.19419642857142858 0.27722772277227725 0.19196428571428573
7 0.7722772277227723 0.6852678571428571 0.8003300330033003 0.6875 0.806930693069307 0.6785714285714286 0.7986798679867987 0.65625 0.7722772277227723 0.6517857142857143 0.7656765676567657 0.6584821428571429 0.764026402640264 0.6741071428571429 0.7722772277227723 0.6852678571428571
7 0.7326732673267327 0.6808035714285714 0.7475247524752475 0.6852678571428571 0.7574257425742574 0.6785714285714286 0.7491749174917491 0.6540178571428571 0.7260726072607261 0.6473214285714286 0.7244224422442245 0.6651785714285714 0.7326732673267327 0.6808035714285714
7 0.9240924092409241 0.3169642857142857 0.9471947194719472 0.3392857142857143 0.9570957095709571 0.3392857142857143 0.9686468646864687 0.31919642857142855 0.9521452145214522 0.27232142857142855 0.9438943894389439 0.2700892857142857 0.9174917491749175 0.28794642857142855 0.9158415841584159 0.3013392857142857 0.9240924092409241 0.3169642857142857
7 0.8498349834983498 0.4955357142857143 0.8613861386138614 0.5111607142857143 0.8745874587458746 0.5111607142857143 0.8811881188118812 0.4732142857142857 0.8745874587458746 0.4575892857142857 0.8663366336633663 0.453125 0.8481848184818482 0.46651785714285715 0.8448844884488449 0.484375 0.8498349834983498 0.4955357142857143
7 0.8976897689768977 0.45535714285714285 0.905940594059406 0.4174107142857143 0.8943894389438944 0.40848214285714285 0.8795379537953796 0.421875 0.8844884488448845 0.45535714285714285 0.8976897689768977 0.45535714285714285
7 0.9141914191419142 0.6316964285714286 0.9174917491749175 0.5959821428571429 0.9042904290429042 0.5870535714285714 0.8976897689768977 0.5982142857142857 0.8976897689768977 0.6183035714285714 0.9141914191419142 0.6316964285714286
7 0.9653465346534653 0.6160714285714286 0.9702970297029703 0.59375 0.9587458745874587 0.5803571428571429 0.9488448844884488 0.5848214285714286 0.9488448844884488 0.6049107142857143 0.9653465346534653 0.6160714285714286
7 0.3547854785478548 0.7633928571428571 0.3795379537953795 0.7901785714285714 0.39603960396039606 0.7879464285714286 0.40594059405940597 0.765625 0.40594059405940597 0.7276785714285714 0.3943894389438944 0.7142857142857143 0.3613861386138614 0.7232142857142857 0.3580858085808581 0.7098214285714286 0.35148514851485146 0.71875 0.3481848184818482 0.7410714285714286 0.3547854785478548 0.7633928571428571
7 0.264026402640264 0.5602678571428571 0.2623762376237624 0.5223214285714286 0.24422442244224424 0.53125 0.24092409240924093 0.5446428571428571 0.264026402640264 0.5602678571428571
7 0.26567656765676567 0.6116071428571429 0.26732673267326734 0.5915178571428571 0.25742574257425743 0.5892857142857143 0.25412541254125415 0.6071428571428571 0.26567656765676567 0.6116071428571429
7 0.3316831683168317 0.46651785714285715 0.33663366336633666 0.4375 0.33003300330033003 0.4263392857142857 0.3201320132013201 0.42857142857142855 0.3184818481848185 0.4575892857142857 0.3316831683168317 0.46651785714285715
7 0.3696369636963696 0.43080357142857145 0.36468646864686466 0.4107142857142857 0.34983498349834985 0.40848214285714285 0.35148514851485146 0.42857142857142855 0.3696369636963696 0.43080357142857145
7 0.4174917491749175 0.3861607142857143 0.4389438943894389 0.34598214285714285 0.4306930693069307 0.33705357142857145 0.4141914191419142 0.3392857142857143 0.3943894389438944 0.36607142857142855 0.39603960396039606 0.3861607142857143 0.4174917491749175 0.3861607142857143
7 0.21947194719471946 0.3549107142857143 0.24257425742574257 0.36607142857142855 0.2508250825082508 0.3013392857142857 0.23597359735973597 0.29910714285714285 0.22112211221122113 0.3125 0.21617161716171618 0.32589285714285715 0.21947194719471946 0.3549107142857143
7 0.6485148514851485 0.296875 0.6600660066006601 0.27232142857142855 0.6584158415841584 0.2544642857142857 0.641914191419142 0.25 0.6336633663366337 0.23660714285714285 0.6188118811881188 0.25 0.6171617161716172 0.2767857142857143 0.6485148514851485 0.296875
7 0.523102310231023 0.20535714285714285 0.5561056105610561 0.18526785714285715 0.5561056105610561 0.16964285714285715 0.5462046204620462 0.15848214285714285 0.5297029702970297 0.15401785714285715 0.5148514851485149 0.16517857142857142 0.5165016501650165 0.19642857142857142 0.523102310231023 0.20535714285714285
7 0.4141914191419142 0.6183035714285714 0.4273927392739274 0.6227678571428571 0.4389438943894389 0.6071428571428571 0.43564356435643564 0.5647321428571429 0.4158415841584158 0.5758928571428571 0.41089108910891087 0.5892857142857143 0.4141914191419142 0.6183035714285714
7 0.1782178217821782 0.6450892857142857 0.18151815181518152 0.6183035714285714 0.16336633663366337 0.6183035714285714 0.16336633663366337 0.6383928571428571 0.1782178217821782 0.6450892857142857
7 0.11056105610561057 0.5044642857142857 0.1188118811881188 0.47544642857142855 0.09900990099009901 0.4732142857142857 0.09900990099009901 0.5 0.11056105610561057 0.5044642857142857
7 0.06765676567656766 0.38169642857142855 0.07920792079207921 0.34151785714285715 0.0594059405940594 0.33482142857142855 0.04950495049504951 0.34375 0.05115511551155116 0.37276785714285715 0.06765676567656766 0.38169642857142855
7 0 0.29464285714285715 0.019801980198019802 0.2857142857142857 0.028052805280528052 0.26785714285714285 0.0231023102310231 0.24553571428571427 0.006600660066006601 0.24553571428571427 0 0.24776785714285715 0 0.29464285714285715
7 0.9983498349834984 0.4174107142857143 0.9983498349834984 0.375 0.9851485148514851 0.38392857142857145 0.9867986798679867 0.4107142857142857 0.9983498349834984 0.4174107142857143