16 0.7083333333333334 0.5471698113207547 0.7354166666666667 0.5471698113207547 0.7479166666666667 0.5314465408805031 0.7541666666666667 0.48427672955974843 0.7375 0.4339622641509434 0.70625 0.4308176100628931 0.6895833333333333 0.4591194968553459 0.6875 0.4937106918238994 0.7083333333333334 0.5471698113207547
16 0.23541666666666666 0.3113207547169811 0.2604166666666667 0.3238993710691824 0.28958333333333336 0.27672955974842767 0.28541666666666665 0.1918238993710692 0.25833333333333336 0.14465408805031446 0.23333333333333334 0.16037735849056603 0.22291666666666668 0.19811320754716982 0.22083333333333333 0.279874213836478 0.23541666666666666 0.3113207547169811
16 0.15 0.24213836477987422 0.17083333333333334 0.2610062893081761 0.1875 0.3018867924528302 0.21875 0.2893081761006289 0.22083333333333333 0.16981132075471697 0.18958333333333333 0.13522012578616352 0.16458333333333333 0.13836477987421383 0.15 0.16981132075471697 0.14375 0.19811320754716982 0.15 0.24213836477987422
16 0.027083333333333334 0.2641509433962264 0.06666666666666667 0.2389937106918239 0.07916666666666666 0.1918238993710692 0.07291666666666667 0.1949685534591195 0.058333333333333334 0.16352201257861634 0.014583333333333334 0.16981132075471697 0.008333333333333333 0.22955974842767296 0.027083333333333334 0.2641509433962264
16 0.035416666666666666 0.6981132075471698 0.05625 0.7264150943396226 0.07916666666666666 0.720125786163522 0.09375 0.6761006289308176 0.0875 0.610062893081761 0.05416666666666667 0.6037735849056604 0.0375 0.6352201257861635 0.029166666666666667 0.6729559748427673 0.035416666666666666 0.6981132075471698
16 0.16666666666666666 0.889937106918239 0.19583333333333333 0.8584905660377359 0.20416666666666666 0.8018867924528302 0.19791666666666666 0.7610062893081762 0.18333333333333332 0.7358490566037735 0.14583333333333334 0.8270440251572327 0.14583333333333334 0.8490566037735849 0.16666666666666666 0.889937106918239
16 0.7041666666666667 0.1509433962264151 0.725 0.1509433962264151 0.74375 0.12264150943396226 0.73125 0.0660377358490566 0.7104166666666667 0.0440251572327044 0.6875 0.050314465408805034 0.675 0.09119496855345911 0.6791666666666667 0.12578616352201258 0.7041666666666667 0.1509433962264151
16 0.3333333333333333 0.7138364779874213 0.35 0.6823899371069182 0.34791666666666665 0.6415094339622641 0.325 0.610062893081761 0.3104166666666667 0.610062893081761 0.3 0.6383647798742138 0.3 0.6855345911949685 0.3333333333333333 0.7138364779874213
16 0.9354166666666667 0.9056603773584906 0.95 0.9088050314465409 0.9708333333333333 0.8710691823899371 0.9604166666666667 0.789308176100629 0.9375 0.7547169811320755 0.9166666666666666 0.7610062893081762 0.9104166666666667 0.779874213836478 0.9125 0.8616352201257862 0.9354166666666667 0.9056603773584906
16 0.70625 0.9528301886792453 0.7270833333333333 0.9748427672955975 0.7395833333333334 0.9716981132075472 0.7541666666666667 0.9433962264150944 0.7541666666666667 0.9213836477987422 0.7375 0.8679245283018868 0.7208333333333333 0.8616352201257862 0.7 0.889937106918239 0.6979166666666666 0.9245283018867925 0.70625 0.9528301886792453
16 0.65625 0.9591194968553459 0.675 0.9339622641509434 0.6770833333333334 0.8867924528301887 0.6625 0.8616352201257862 0.6354166666666666 0.8742138364779874 0.6354166666666666 0.9245283018867925 0.65625 0.9591194968553459
16 0.47708333333333336 0.46226415094339623 0.4875 0.46855345911949686 0.5104166666666666 0.44654088050314467 0.5125 0.4056603773584906 0.4979166666666667 0.36477987421383645 0.4666666666666667 0.39622641509433965 0.46458333333333335 0.41823899371069184 0.47708333333333336 0.46226415094339623
16 0.23333333333333334 0.6163522012578616 0.25416666666666665 0.6069182389937107 0.2625 0.5849056603773585 0.2625 0.5314465408805031 0.25 0.4937106918238994 0.23125 0.48427672955974843 0.20416666666666666 0.5251572327044025 0.20625 0.5817610062893082 0.23333333333333334 0.6163522012578616
16 0.6104166666666667 0.8679245283018868 0.625 0.8710691823899371 0.6416666666666667 0.8522012578616353 0.6416666666666667 0.8270440251572327 0.625 0.8081761006289309 0.5958333333333333 0.8207547169811321 0.5916666666666667 0.8490566037735849 0.6104166666666667 0.8679245283018868
16 0.5979166666666667 0.9276729559748428 0.6208333333333333 0.9056603773584906 0.625 0.8773584905660378 0.5916666666666667 0.8647798742138365 0.5854166666666667 0.9025157232704403 0.5979166666666667 0.9276729559748428
16 0.6604166666666667 0.5566037735849056 0.6708333333333333 0.5628930817610063 0.6916666666666667 0.5408805031446541 0.6916666666666667 0.5157232704402516 0.68125 0.4937106918238994 0.65625 0.5 0.6520833333333333 0.5188679245283019 0.6604166666666667 0.5566037735849056
16 0.2833333333333333 0.6792452830188679 0.3125 0.6132075471698113 0.2875 0.6069182389937107 0.2625 0.6383647798742138 0.2604166666666667 0.6666666666666666 0.2833333333333333 0.6792452830188679