10 0.19428571428571428 0.17792068595927116 0.21 0.18220793140407288 0.20714285714285716 0.19185423365487675 0.23285714285714285 0.1939978563772776 0.2357142857142857 0.18113612004287247 0.24 0.1832797427652733 0.24142857142857144 0.17684887459807075 0.23285714285714285 0.1682743837084673 0.22142857142857142 0.16613076098606644 0.21571428571428572 0.16613076098606644 0.20285714285714285 0.17041800643086816 0.19428571428571428 0.17792068595927116
10 0.65 0.7363344051446945 0.6642857142857143 0.7481243301178992 0.6771428571428572 0.7491961414790996 0.6785714285714286 0.7213290460878885 0.6642857142857143 0.7159699892818864 0.6485714285714286 0.714898177920686 0.6471428571428571 0.7138263665594855 0.6428571428571429 0.7245444801714899 0.65 0.7363344051446945
10 0.20285714285714285 0.8520900321543409 0.20285714285714285 0.8595927116827439 0.21285714285714286 0.872454448017149 0.22714285714285715 0.8756698821007503 0.24714285714285714 0.8692390139335477 0.24285714285714285 0.8542336548767417 0.23714285714285716 0.8520900321543409 0.2342857142857143 0.8445873526259379 0.22714285714285715 0.8435155412647374 0.2257142857142857 0.8435155412647374 0.21 0.8456591639871383 0.20285714285714285 0.8520900321543409
10 0.83 0.7470525187566989 0.8414285714285714 0.7545551982851019 0.8614285714285714 0.7513397642015005 0.8671428571428571 0.729903536977492 0.86 0.7234726688102894 0.8385714285714285 0.7191854233654876 0.8371428571428572 0.7181136120042872 0.8285714285714286 0.7266881028938906 0.83 0.7470525187566989
10 0.5357142857142857 0.3247588424437299 0.5371428571428571 0.3354769560557342 0.5328571428571428 0.3440514469453376 0.5528571428571428 0.3612004287245445 0.5557142857142857 0.3483386923901393 0.56 0.34726688102893893 0.5571428571428572 0.33440514469453375 0.5614285714285714 0.3311897106109325 0.5671428571428572 0.3333333333333333 0.57 0.3236870310825295 0.5671428571428572 0.3054662379421222 0.5671428571428572 0.30439442658092175 0.55 0.3108252947481243 0.5357142857142857 0.3247588424437299
10 0.38285714285714284 0.4490889603429796 0.38285714285714284 0.45766345123258306 0.3985714285714286 0.47266881028938906 0.4157142857142857 0.4694533762057878 0.42857142857142855 0.4587352625937835 0.42714285714285716 0.44587352625937837 0.4042857142857143 0.4362272240085745 0.4042857142857143 0.43515541264737406 0.39 0.4415862808145766 0.38285714285714284 0.4490889603429796
10 0.39285714285714285 0.737406216505895 0.39714285714285713 0.7416934619506966 0.4014285714285714 0.7395498392282959 0.4042857142857143 0.7502679528403001 0.4142857142857143 0.7513397642015005 0.42428571428571427 0.7481243301178992 0.43 0.752411575562701 0.43 0.7609860664523044 0.44142857142857145 0.7631296891747053 0.4442857142857143 0.7427652733118971 0.44857142857142857 0.7459807073954984 0.45285714285714285 0.7427652733118971 0.45714285714285713 0.7470525187566989 0.45571428571428574 0.729903536977492 0.4514285714285714 0.7395498392282959 0.45 0.729903536977492 0.4442857142857143 0.7320471596998929 0.44571428571428573 0.7266881028938906 0.44142857142857145 0.722400857449089 0.43142857142857144 0.7256162915326902 0.42142857142857143 0.7234726688102894 0.42142857142857143 0.7288317256162915 0.4157142857142857 0.7234726688102894 0.4142857142857143 0.722400857449089 0.4042857142857143 0.7309753483386924 0.4 0.729903536977492 0.39714285714285713 0.7395498392282959 0.39285714285714285 0.737406216505895
10 0.4442857142857143 0.4737406216505895 0.44285714285714284 0.4833869239013934 0.4357142857142857 0.48767416934619506 0.4357142857142857 0.4983922829581994 0.44571428571428573 0.5048231511254019 0.45571428571428574 0.5058949624866024 0.47285714285714286 0.4994640943193998 0.4828571428571429 0.4994640943193998 0.4857142857142857 0.4866023579849946 0.49 0.48767416934619506 0.49142857142857144 0.4844587352625938 0.48142857142857143 0.4630225080385852 0.4642857142857143 0.45980707395498394 0.46285714285714286 0.4587352625937835 0.45714285714285713 0.4683815648445874 0.4442857142857143 0.4737406216505895
10 0.3157142857142857 0.15005359056806003 0.3385714285714286 0.15862808145766344 0.3414285714285714 0.16505894962486603 0.36 0.16720257234726688 0.36142857142857143 0.1714898177920686 0.3557142857142857 0.17792068595927116 0.37285714285714283 0.18006430868167203 0.3742857142857143 0.16720257234726688 0.38 0.1682743837084673 0.38 0.16505894962486603 0.37285714285714283 0.1564844587352626 0.36714285714285716 0.15541264737406216 0.3585714285714286 0.13612004287245444 0.3485714285714286 0.13504823151125403 0.33 0.12540192926045016 0.3242857142857143 0.12540192926045016 0.31142857142857144 0.13933547695605572 0.3157142857142857 0.15005359056806003
10 0.30714285714285716 0.5069667738478028 0.32 0.5209003215434084 0.34 0.5251875669882101 0.35714285714285715 0.5187566988210075 0.36428571428571427 0.5026795284030011 0.35714285714285715 0.4887459807073955 0.3442857142857143 0.48231511254019294 0.33285714285714285 0.48231511254019294 0.31142857142857144 0.48767416934619506 0.30714285714285716 0.5069667738478028
10 0.7057142857142857 0.24866023579849947 0.6985714285714286 0.24866023579849947 0.6914285714285714 0.2647374062165059 0.6814285714285714 0.2690246516613076 0.6814285714285714 0.2765273311897106 0.69 0.27759914255091106 0.6885714285714286 0.2861736334405145 0.6814285714285714 0.2872454448017149 0.6814285714285714 0.2904608788853162 0.6914285714285714 0.29260450160771706 0.69 0.3011789924973205 0.6857142857142857 0.3033226152197213 0.6928571428571428 0.3033226152197213 0.6914285714285714 0.2936763129689175 0.6957142857142857 0.28938906752411575 0.7057142857142857 0.29260450160771706 0.7057142857142857 0.30010718113612006 0.7 0.3033226152197213 0.7071428571428572 0.3033226152197213 0.7071428571428572 0.27867095391211144 0.7185714285714285 0.27867095391211144 0.7114285714285714 0.2904608788853162 0.72 0.29260450160771706 0.72 0.27867095391211144 0.7342857142857143 0.27759914255091106 0.7357142857142858 0.2647374062165059 0.7471428571428571 0.26366559485530544 0.7471428571428571 0.2572347266881029 0.7357142857142858 0.2529474812433012 0.7342857142857143 0.2465166130760986 0.72 0.2465166130760986 0.7171428571428572 0.2465166130760986 0.71 0.2529474812433012 0.7057142857142857 0.24866023579849947
10 0.32 0.5702036441586281 0.3442857142857143 0.6066452304394426 0.3585714285714286 0.6045016077170418 0.38285714285714284 0.5680600214362272 0.37285714285714283 0.5562700964630225 0.37 0.5584137191854234 0.3557142857142857 0.5530546623794212 0.34714285714285714 0.5530546623794212 0.33 0.5573419078242229 0.32 0.5702036441586281
10 0.39 0.1082529474812433 0.39571428571428574 0.13612004287245444 0.4057142857142857 0.1414790996784566 0.44142857142857145 0.13504823151125403 0.45571428571428574 0.1189710610932476 0.45714285714285713 0.10503751339764202 0.45285714285714285 0.09431939978563773 0.43857142857142856 0.08896034297963558 0.4257142857142857 0.08896034297963558 0.42428571428571427 0.08788853161843516 0.4042857142857143 0.0932475884244373 0.39 0.1082529474812433
10 0.7128571428571429 0.7727759914255091 0.7171428571428572 0.782422293676313 0.7242857142857143 0.7888531618435155 0.7442857142857143 0.7963558413719185 0.7728571428571429 0.7920685959271169 0.7885714285714286 0.7738478027867095 0.7885714285714286 0.7642015005359056 0.7857142857142857 0.7663451232583065 0.7728571428571429 0.7545551982851019 0.7371428571428571 0.744908896034298 0.7328571428571429 0.744908896034298 0.72 0.7513397642015005 0.7128571428571429 0.7727759914255091
10 0.1442857142857143 0.23365487674169347 0.15714285714285714 0.24758842443729903 0.18142857142857144 0.2572347266881029 0.19285714285714287 0.25616291532690244 0.21 0.24758842443729903 0.21714285714285714 0.23365487674169347 0.21428571428571427 0.2207931404072883 0.2057142857142857 0.21007502679528403 0.1957142857142857 0.20364415862808147 0.18285714285714286 0.2015005359056806 0.18 0.2015005359056806 0.15285714285714286 0.21221864951768488 0.1442857142857143 0.23365487674169347
10 0.3057142857142857 0.27438370846730975 0.3 0.2797427652733119 0.2857142857142857 0.2829581993569132 0.2642857142857143 0.2958199356913183 0.26 0.3236870310825295 0.2642857142857143 0.3311897106109325 0.2757142857142857 0.3354769560557342 0.2757142857142857 0.3408360128617363 0.2814285714285714 0.3386923901393355 0.2957142857142857 0.3461950696677385 0.3442857142857143 0.34512325830653806 0.34714285714285714 0.33440514469453375 0.3585714285714286 0.3311897106109325 0.3585714285714286 0.2979635584137192 0.33 0.27867095391211144 0.3171428571428571 0.2754555198285102 0.3171428571428571 0.27116827438370844 0.31285714285714283 0.2754555198285102 0.3057142857142857 0.27438370846730975
10 0.27285714285714285 0.21221864951768488 0.27 0.2347266881028939 0.28 0.2508038585209003 0.2814285714285714 0.2615219721329046 0.2957142857142857 0.2658092175777063 0.3 0.26366559485530544 0.3057142857142857 0.2690246516613076 0.31285714285714283 0.2647374062165059 0.3171428571428571 0.26688102893890675 0.32 0.26259378349410506 0.3442857142857143 0.26366559485530544 0.3485714285714286 0.2679528403001072 0.36 0.2679528403001072 0.3628571428571429 0.26366559485530544 0.37714285714285717 0.25937834941050375 0.38285714285714284 0.24758842443729903 0.38 0.22936763129689175 0.37285714285714283 0.21864951768488747 0.34714285714285714 0.20685959271168275 0.3442857142857143 0.19721329046087888 0.31857142857142856 0.18863879957127547 0.3057142857142857 0.18863879957127547 0.28285714285714286 0.19506966773847803 0.27285714285714285 0.21221864951768488
10 0.13857142857142857 0.3311897106109325 0.13857142857142857 0.3654876741693462 0.12714285714285714 0.3665594855305466 0.11714285714285715 0.3762057877813505 0.12285714285714286 0.39978563772775993 0.13857142857142857 0.4105037513397642 0.19428571428571428 0.4115755627009646 0.21428571428571427 0.4040728831725616 0.2057142857142857 0.3987138263665595 0.20857142857142857 0.3762057877813505 0.22285714285714286 0.37191854233654875 0.22714285714285715 0.36012861736334406 0.2342857142857143 0.35691318327974275 0.2357142857142857 0.3440514469453376 0.22 0.3258306538049303 0.19142857142857142 0.3086816720257235 0.19 0.3086816720257235 0.16714285714285715 0.31511254019292606 0.13857142857142857 0.3311897106109325
10 0.15285714285714286 0.879957127545552 0.11571428571428571 0.8842443729903537 0.08571428571428572 0.9035369774919614 0.07857142857142857 0.917470525187567 0.07714285714285714 0.9346195069667739 0.08 0.9592711682743837 0.08428571428571428 0.9646302250803859 0.12285714285714286 0.9678456591639871 0.12857142857142856 0.9614147909967846 0.1357142857142857 0.9646302250803859 0.14285714285714285 0.9614147909967846 0.15857142857142856 0.9646302250803859 0.18428571428571427 0.9560557341907824 0.18 0.9442658092175777 0.18571428571428572 0.9442658092175777 0.18857142857142858 0.9378349410503751 0.19142857142857142 0.9410503751339764 0.19285714285714287 0.917470525187567 0.18428571428571427 0.9078242229367631 0.18142857142857144 0.879957127545552 0.17285714285714285 0.8745980707395499 0.17142857142857143 0.8745980707395499 0.15714285714285714 0.8821007502679529 0.15285714285714286 0.879957127545552
10 0.17142857142857143 0.6570203644158628 0.16428571428571428 0.6688102893890675 0.17857142857142858 0.6870310825294748 0.20857142857142857 0.692390139335477 0.20714285714285716 0.7063236870310825 0.2 0.7170418006430869 0.2042857142857143 0.737406216505895 0.22428571428571428 0.7513397642015005 0.24714285714285714 0.7588424437299035 0.2742857142857143 0.752411575562701 0.2785714285714286 0.7545551982851019 0.3028571428571429 0.7470525187566989 0.31857142857142856 0.7341907824222936 0.3314285714285714 0.7159699892818864 0.3271428571428571 0.6966773847802786 0.31857142857142856 0.6902465166130761 0.3171428571428571 0.6816720257234726 0.3028571428571429 0.6666666666666666 0.26857142857142857 0.6602357984994641 0.26142857142857145 0.6559485530546624 0.2542857142857143 0.6495176848874598 0.2557142857142857 0.6387995712754555 0.24428571428571427 0.6205787781350482 0.22428571428571428 0.6152197213290461 0.19714285714285715 0.6162915326902465 0.1957142857142857 0.6152197213290461 0.17142857142857143 0.6259378349410504 0.17142857142857143 0.6570203644158628