19 0.15859375 0.4964419475655431 0.146875 0.5608426966292135 0.14765625 0.6641835205992509 0.15078125 0.7151048689138576 0.16875 0.7615337078651685 0.19296875 0.7405655430711611 0.20859375 0.7106123595505618 0.22421875 0.583308988764045 0.25 0.580312734082397 0.26484375 0.5263970037453184 0.2484375 0.5293913857677902 0.26015625 0.48745692883895136 0.25 0.4404494382022472 0.17890625 0.4425262172284644 0.15859375 0.4964419475655431
19 0.24140625 0.6372247191011237 0.22578125 0.7136086142322098 0.20703125 0.7151048689138576 0.2078125 0.8109569288389513 0.2234375 0.779505617977528 0.2359375 0.779505617977528 0.22265625 0.8783539325842696 0.24609375 0.9172940074906367 0.28515625 0.9427546816479401 0.2984375 0.8813483146067416 0.30078125 0.7645299625468165 0.3125 0.7240917602996255 0.28984375 0.7136086142322098 0.32734375 0.6851516853932584 0.3484375 0.5848071161048689 0.353125 0.5054288389513109 0.3359375 0.41235955056179774 0.30703125 0.5593464419475654 0.24140625 0.6372247191011237
19 0.4171875 0.580312734082397 0.41796875 0.5278951310861424 0.390625 0.5153558052434457 0.38515625 0.5458670411985018 0.4171875 0.580312734082397
19 0.36953125 0.6387228464419475 0.4375 0.7121104868913858 0.43671875 0.7914868913857678 0.4875 0.8079625468164794 0.47734375 0.7255898876404494 0.44765625 0.659691011235955 0.42578125 0.5878014981273408 0.41171875 0.6027790262172285 0.3875 0.5758202247191011 0.384375 0.6147602996254681 0.36953125 0.6387228464419475
19 0.4484375 0.41257116104868913 0.434375 0.43803370786516854 0.45390625 0.4739775280898877 0.47265625 0.45300936329588015 0.475 0.4784700374531835 0.49609375 0.4784700374531835 0.49453125 0.5024325842696629 0.50078125 0.5638389513108614 0.48203125 0.5593464419475654 0.48046875 0.6132621722846442 0.4625 0.6087696629213484 0.47265625 0.5263970037453184 0.45625 0.5069269662921349 0.42578125 0.4814662921348315 0.42109375 0.499438202247191 0.43359375 0.5518576779026217 0.446875 0.6027790262172285 0.4515625 0.6432172284644195 0.4703125 0.6686779026217229 0.48515625 0.6971329588014982 0.50078125 0.7600355805243445 0.53671875 0.7899906367041198 0.5125 0.7181011235955056 0.52578125 0.7210955056179775 0.54296875 0.7974775280898877 0.5765625 0.8139531835205993 0.61796875 0.8079625468164794 0.6515625 0.779505617977528 0.69140625 0.7495524344569289 0.71484375 0.779505617977528 0.709375 0.7330786516853932 0.6984375 0.7255898876404494 0.66328125 0.6956348314606742 0.63671875 0.6492078651685393 0.62265625 0.5848071161048689 0.60078125 0.5593464419475654 0.61875 0.5174101123595506 0.58515625 0.4829644194756555 0.59375 0.4365355805243446 0.55 0.4395299625468165 0.515625 0.4724794007490637 0.51328125 0.420059925093633 0.44921875 0.36464606741573036 0.528125 0.3901067415730337 0.51875 0.37063670411985017 0.4890625 0.37213483146067416 0.4796875 0.35565917602996255 0.404296875 0.34681647940074906 0.4484375 0.41257116104868913
19 0.12421875 0.7615337078651685 0.1125 0.781003745318352 0.11796875 0.8199438202247191 0.134375 0.8528932584269663 0.15859375 0.8573857677902622 0.1796875 0.8513951310861423 0.134765625 0.6932584269662921 0.12578125 0.7240917602996255 0.12421875 0.7615337078651685
19 0.678125 0.5159119850187266 0.66171875 0.48595880149812737 0.6359375 0.4724794007490637 0.6318359375 0.498501872659176 0.66953125 0.5338857677902622 0.678125 0.5159119850187266
19 0.1234375 0.3032415730337079 0.1109375 0.3152228464419476 0.09375 0.3152228464419476 0.0890625 0.28676591760299625 0.08515625 0.3077340823970038 0.10546875 0.33918539325842695 0.09921875 0.34667415730337076 0.07890625 0.3257059925093633 0.06796875 0.34817228464419475 0.06640625 0.3990936329588015 0.08046875 0.4440243445692884 0.103125 0.4455205992509363 0.1140625 0.4230561797752809 0.13203125 0.42904681647940074 0.12890625 0.38561423220973784 0.1328125 0.3616498127340824 0.14375 0.35715730337078655 0.14453125 0.29063670411985015 0.1375 0.3137247191011236 0.1234375 0.3032415730337079
19 0.21484375 0.175936329588015 0.2140625 0.20289513108614232 0.2208462041015625 0.2289048052434457 0.2421875 0.17743445692883894 0.21484375 0.175936329588015
19 0.21796875 0.2358445692883895 0.2200298212890625 0.230873734082397 0.20078125 0.2493239700374532 0.18984375 0.2882640449438202 0.19296875 0.31072846441947566 0.2171875 0.297249063670412 0.21796875 0.2358445692883895
19 0.1609375 0.3032415730337079 0.17421875 0.3257059925093633 0.17578125 0.3451760299625468 0.18671875 0.3436779026217229 0.1875 0.31671910112359547 0.178125 0.29125842696629217 0.18359375 0.2687940074906367 0.1611328125 0.25692883895131086 0.1609375 0.3032415730337079
19 0.1578125 0.37363295880149816 0.18671875 0.38561423220973784 0.2203125 0.3601535580524345 0.21796875 0.31072846441947566 0.2109375 0.33019850187265914 0.1953125 0.3287022471910112 0.1796875 0.3601535580524345 0.162109375 0.3749063670411985 0.1578125 0.37363295880149816
19 0.04765625 0.04414044943820225 0.0296875 0.10704307116104869 0.03046875 0.18642134831460674 0.0515625 0.24483146067415731 0.07265625 0.20738764044943822 0.090625 0.15047565543071162 0.0921875 0.10404868913857677 0.1046875 0.0740936329588015 0.1234375 0.0905692883895131 0.13828125 0.032159176029962544 0.1140625 0.042642322097378275 0.1015625 0.004119850187265918 0.06796875 0.014187265917602996 0.04765625 0.04414044943820225
19 0.759375 0.1684494382022472 0.77421875 0.15646629213483146 0.7490234375 0.10711610486891386 0.753125 0.19690449438202248 0.759375 0.1684494382022472
19 0.75234375 0.07858801498127341 0.7703125 0.10854119850187266 0.77890625 0.13999250936329588 0.78125 0.08457865168539326 0.7765625 0.042642322097378275 0.7509765625 0.03220973782771536 0.75234375 0.07858801498127341