1 0.5673385416666666 0.5392833333333333 0.18229166666666666 0.3452416666666666
1 0.5383177083333333 0.11488333333333335 0.2730677083333333 0.22975833333333337
1 0.6179322916666667 0.18928333333333333 0.08556770833333331 0.17380833333333331
1 0.24401041666666667 0.06416666666666666 0.0921875 0.12833333333333333
1 0.29315625 0.51845 0.12797395833333336 0.26785833333333336
1 0.4203854166666667 0.646425 0.1086302083333333 0.1809499999999999
1 0.6197916666666666 0.8333333333333334 0.09077604166666665 0.09285833333333329
1 0.34598437499999996 0.8353000000000002 0.23214062500000002 0.3277416666666667
1 0.806546875 0.06071666666666667 0.14583333333333334 0.121425
1 0.779015625 0.30714166666666665 0.10863020833333342 0.359525
1 0.7533489583333334 0.546425 0.06919791666666673 0.12619166666666673
1 0.7425572916666667 0.6571416666666667 0.03720312499999991 0.07857499999999996