13 0.2875 0.6810506566604128 0.3025 0.7054409005628518 0.3025 0.7279549718574109 0.29125 0.7579737335834896 0.31 0.7917448405253283 0.33625 0.8067542213883677 0.34125 0.8161350844277674 0.37125 0.8142589118198874 0.3925 0.7954971857410882 0.4 0.8292682926829268 0.40875 0.8330206378986866 0.44125 0.8105065666041276 0.44375 0.7936210131332082 0.465 0.7617260787992496 0.47375 0.7579737335834896 0.48125 0.7410881801125704 0.48375 0.7166979362101313 0.43875 0.649155722326454 0.435 0.6041275797373359 0.41125 0.600375234521576 0.41125 0.574108818011257 0.4425 0.549718574108818 0.45375 0.5459662288930581 0.4625 0.5553470919324578 0.48 0.549718574108818 0.48625 0.5234521575984991 0.5075 0.5046904315196998 0.49625 0.4709193245778612 0.5 0.4596622889305816 0.525 0.425891181988743 0.54 0.425891181988743 0.53875 0.4090056285178236 0.54875 0.3789868667917448 0.55625 0.38649155722326456 0.5675 0.3827392120075047 0.57125 0.350844277673546 0.56375 0.3133208255159475 0.575 0.28893058161350843 0.565 0.27392120075046905 0.57375 0.2626641651031895 0.57625 0.2401500938086304 0.5625 0.17823639774859287 0.51625 0.2176360225140713 0.4875 0.27204502814258913 0.4525 0.3076923076923077 0.43875 0.3133208255159475 0.43625 0.3545966228893058 0.415 0.37523452157598497 0.39 0.38461538461538464 0.405 0.3883677298311445 0.41125 0.4446529080675422 0.39375 0.4634146341463415 0.38875 0.4915572232645403 0.3625 0.5234521575984991 0.35375 0.5159474671669794 0.3525 0.5065666041275797 0.33625 0.5140712945590994 0.31875 0.5459662288930581 0.295 0.6435272045028143 0.29625 0.6641651031894934 0.2875 0.6810506566604128
13 0.50125 0.6923076923076923 0.50375 0.701688555347092 0.5375 0.7354596622889306 0.55375 0.7354596622889306 0.565 0.7223264540337712 0.58125 0.726078799249531 0.59125 0.7410881801125704 0.6325 0.7429643527204502 0.64125 0.7410881801125704 0.64625 0.7279549718574109 0.675 0.7035647279549718 0.695 0.6697936210131332 0.70625 0.6641651031894934 0.64375 0.6435272045028143 0.6075 0.649155722326454 0.5875 0.6416510318949343 0.57 0.6135084427767354 0.56125 0.6097560975609756 0.53625 0.6153846153846154 0.505 0.6622889305816135 0.5075 0.6848030018761726 0.50125 0.6923076923076923
13 0.815 0.7185741088180112 0.82625 0.7542213883677298 0.85125 0.7542213883677298 0.87125 0.7673545966228893 0.87875 0.7823639774859287 0.92125 0.799249530956848 0.935 0.799249530956848 0.98375 0.7692307692307693 0.99125 0.7523452157598499 0.99875 0.7523452157598499 0.99875 0.6735459662288931 0.85 0.649155722326454 0.7625 0.6641651031894934 0.78875 0.7073170731707317 0.815 0.7185741088180112
13 0.58625 0.44652908067542213 0.59 0.46904315196998125 0.58875 0.5178236397748592 0.57875 0.549718574108818 0.59 0.5722326454033771 0.5975 0.575984990619137 0.6075 0.6060037523452158 0.64875 0.5666041275797373 0.7375 0.45590994371482174 0.72375 0.4052532833020638 0.7 0.4165103189493433 0.68375 0.41088180112570355 0.61125 0.4333958724202627 0.59 0.40337711069418386 0.58 0.40337711069418386 0.57375 0.4165103189493433 0.57375 0.43151969981238275 0.58625 0.44652908067542213
13 0 0.99812382739212 0.1925 0.9943714821763602 0.1975 0.9662288930581614 0.1825 0.9118198874296435 0.185 0.8968105065666041 0.17125 0.8836772983114447 0.16125 0.8836772983114447 0.14875 0.8630393996247655 0.115 0.8667917448405253 0.07375 0.9155722326454033 0.04125 0.8949343339587242 0.00375 0.8330206378986866 0 0.8330206378986866 0 0.99812382739212
13 0.51125 0.5028142589118199 0.5325 0.5065666041275797 0.55 0.4915572232645403 0.56 0.5272045028142589 0.5825 0.5290806754221389 0.5875 0.5215759849906192 0.58875 0.45590994371482174 0.56625 0.39399624765478425 0.54875 0.4071294559099437 0.54375 0.4352720450281426 0.5025 0.44652908067542213 0.5 0.4727954971857411 0.51125 0.5028142589118199
13 0.65125 0.2326454033771107 0.65 0.24765478424015008 0.6725 0.2626641651031895 0.6775 0.3058161350844278 0.69625 0.3170731707317073 0.70125 0.30206378986866794 0.7125 0.29831144465290804 0.72625 0.2795497185741088 0.7275 0.25328330206378985 0.71125 0.20637898686679174 0.69 0.17448405253283303 0.6775 0.17073170731707318 0.66375 0.1894934333958724 0.6675 0.20637898686679174 0.65125 0.2326454033771107
13 0.91625 0.2589118198874296 0.915 0.2870544090056285 0.91875 0.2945590994371482 0.935 0.30393996247654786 0.9525 0.2964352720450281 0.9675 0.3170731707317073 0.97375 0.30393996247654786 0.99875 0.28893058161350843 0.99875 0.16885553470919323 0.9775 0.13320825515947468 0.95375 0.1275797373358349 0.9125 0.14446529080675422 0.88375 0.1669793621013133 0.8825 0.17448405253283303 0.91625 0.2589118198874296
13 0.7475 0.2964352720450281 0.745 0.3227016885553471 0.73375 0.3339587242026266 0.7275 0.3621013133208255 0.74125 0.3714821763602251 0.7475 0.34709193245778613 0.76125 0.3320825515947467 0.76375 0.3133208255159475 0.7725 0.300187617260788 0.78 0.2607879924953096 0.7775 0.24765478424015008 0.765 0.24202626641651032 0.74125 0.24953095684803 0.73125 0.2701688555347092 0.73125 0.28142589118198874 0.7475 0.2964352720450281
13 0.36875 0.39399624765478425 0.39375 0.3977485928705441 0.43875 0.3677298311444653 0.45625 0.3433395872420263 0.46375 0.31894934333958724 0.4525 0.30956848030018763 0.4125 0.32082551594746717 0.3925 0.30956848030018763 0.36875 0.275797373358349 0.37875 0.3151969981238274 0.3675 0.32833020637898686 0.34875 0.3227016885553471 0.34125 0.3527204502814259 0.36875 0.39399624765478425
13 0.3675 0.4277673545966229 0.36 0.43151969981238275 0.36125 0.4371482176360225 0.37875 0.4446529080675422 0.37375 0.40337711069418386 0.3625 0.40150093808630394 0.35875 0.40337711069418386 0.3675 0.4277673545966229
13 0.07875 0.8105065666041276 0.09375 0.8236397748592871 0.11875 0.8255159474671669 0.1225 0.8348968105065666 0.1175 0.8480300187617261 0.1225 0.8574108818011257 0.19875 0.7354596622889306 0.20375 0.7166979362101313 0.1775 0.7373358348968105 0.16625 0.7166979362101313 0.14625 0.7091932457786116 0.08375 0.7467166979362101 0.07625 0.7636022514071295 0.07375 0.7898686679174484 0.07875 0.8105065666041276