13 0.046370967741935484 0.755656108597285 0.04939516129032258 0.7677224736048266 0.0655241935483871 0.7692307692307693 0.11189516129032258 0.7405731523378583 0.125 0.7164404223227753 0.1159274193548387 0.6892911010558069 0.09274193548387097 0.6802413273001509 0.07459677419354839 0.6832579185520362 0.04536290322580645 0.7013574660633484 0.03125 0.7360482654600302 0.046370967741935484 0.755656108597285
13 0.07358870967741936 0.8280542986425339 0.07762096774193548 0.803921568627451 0.06754032258064516 0.7918552036199095 0.05241935483870968 0.7903469079939668 0.057459677419354836 0.8205128205128205 0.07358870967741936 0.8280542986425339
13 0.3235887096774194 0.5279034690799397 0.35786290322580644 0.5414781297134238 0.35685483870967744 0.5610859728506787 0.3487903225806452 0.5641025641025641 0.34475806451612906 0.5776772247360482 0.35685483870967744 0.6003016591251885 0.37399193548387094 0.6138763197586727 0.3860887096774194 0.6063348416289592 0.3951612903225806 0.6138763197586727 0.3971774193548387 0.6304675716440422 0.4465725806451613 0.6380090497737556 0.5 0.6078431372549019 0.5151209677419355 0.6063348416289592 0.5372983870967742 0.5731523378582202 0.5362903225806451 0.5520361990950227 0.5403225806451613 0.5460030165912518 0.5403225806451613 0.5339366515837104 0.5070564516129032 0.5128205128205128 0.4909274193548387 0.48114630467571645 0.4959677419354839 0.4675716440422323 0.5050403225806451 0.473604826546003 0.5383064516129032 0.47058823529411764 0.5514112903225806 0.444947209653092 0.5756048387096774 0.4238310708898944 0.5695564516129032 0.3665158371040724 0.6038306451612904 0.33031674208144796 0.6078629032258065 0.30165912518853694 0.6038306451612904 0.30015082956259426 0.5957661290322581 0.31221719457013575 0.4939516129032258 0.3770739064856712 0.4324596774193548 0.4072398190045249 0.4102822580645161 0.4117647058823529 0.3901209677419355 0.42835595776772245 0.38810483870967744 0.4479638009049774 0.3699596774193548 0.45098039215686275 0.31149193548387094 0.49321266968325794 0.3084677419354839 0.502262443438914 0.3235887096774194 0.5279034690799397
13 0.6451612903225806 0.38009049773755654 0.6532258064516129 0.38461538461538464 0.6592741935483871 0.37858220211161386 0.6693548387096774 0.3815987933634992 0.6814516129032258 0.3951734539969834 0.6905241935483871 0.3936651583710407 0.6955645161290323 0.3755656108597285 0.7106854838709677 0.3514328808446455 0.7298387096774194 0.3514328808446455 0.7379032258064516 0.34087481146304677 0.7409274193548387 0.3152337858220211 0.7550403225806451 0.2956259426847662 0.7338709677419355 0.277526395173454 0.7127016129032258 0.277526395173454 0.7016129032258065 0.29411764705882354 0.6764112903225806 0.30618401206636503 0.6592741935483871 0.30165912518853694 0.6340725806451613 0.31825037707390647 0.6320564516129032 0.32428355957767724 0.6290322580645161 0.3574660633484163 0.6451612903225806 0.38009049773755654
13 0.6723790322580645 0.4132730015082956 0.6703629032258065 0.42081447963800905 0.6743951612903226 0.42835595776772245 0.688508064516129 0.42835595776772245 0.6935483870967742 0.4177978883861237 0.6754032258064516 0.40120663650075417 0.6683467741935484 0.4042232277526395 0.6723790322580645 0.4132730015082956
13 0.7580645161290323 0.2277526395173454 0.7993951612903226 0.2171945701357466 0.8306451612903226 0.2187028657616893 0.8639112903225806 0.18552036199095023 0.8719758064516129 0.15233785822021115 0.8810483870967742 0.13574660633484162 0.8679435483870968 0.14328808446455504 0.8508064516129032 0.14177978883861236 0.8407258064516129 0.12217194570135746 0.8316532258064516 0.12217194570135746 0.8155241935483871 0.13423831070889894 0.7953629032258065 0.1297134238310709 0.7832661290322581 0.15233785822021115 0.7661290322580645 0.16440422322775264 0.7540322580645161 0.18099547511312217 0.7459677419354839 0.20361990950226244 0.7580645161290323 0.2277526395173454
13 0.13911290322580644 0.8009049773755657 0.15423387096774194 0.803921568627451 0.16431451612903225 0.8129713423831071 0.16532258064516128 0.799396681749623 0.16129032258064516 0.7903469079939668 0.16532258064516128 0.7662141779788839 0.15725806451612903 0.7390648567119156 0.14112903225806453 0.7300150829562594 0.13205645161290322 0.7375565610859729 0.13205645161290322 0.7677224736048266 0.13911290322580644 0.8009049773755657
13 0.2127016129032258 0.698340874811463 0.24092741935483872 0.6802413273001509 0.24596774193548387 0.6636500754147813 0.24596774193548387 0.6500754147812972 0.23790322580645162 0.6289592760180995 0.2127016129032258 0.6365007541478129 0.20362903225806453 0.6500754147812972 0.20463709677419356 0.6711915535444947 0.2127016129032258 0.698340874811463
13 0.28024193548387094 0.6410256410256411 0.27923387096774194 0.6485671191553545 0.28931451612903225 0.6606334841628959 0.2913306451612903 0.6711915535444947 0.30544354838709675 0.6757164404223228 0.3235887096774194 0.6576168929110106 0.3245967741935484 0.6485671191553545 0.31451612903225806 0.6485671191553545 0.3094758064516129 0.6410256410256411 0.31149193548387094 0.6214177978883861 0.3014112903225806 0.6108597285067874 0.29536290322580644 0.6123680241327301 0.2913306451612903 0.6319758672699849 0.28024193548387094 0.6410256410256411
13 0 0.8265460030165912 0.006048387096774193 0.8371040723981901 0.014112903225806451 0.8371040723981901 0.018145161290322582 0.8235294117647058 0.03528225806451613 0.8159879336349924 0.03528225806451613 0.799396681749623 0.028225806451612902 0.7782805429864253 0.029233870967741934 0.755656108597285 0.020161290322580645 0.7300150829562594 0.006048387096774193 0.7254901960784313 0 0.7315233785822021 0 0.8265460030165912
13 0.2610887096774194 0.5987933634992458 0.27318548387096775 0.6003016591251885 0.27923387096774194 0.5806938159879337 0.2782258064516129 0.5610859728506787 0.2691532258064516 0.55052790346908 0.2560483870967742 0.5535444947209653 0.2550403225806452 0.5912518853695324 0.2610887096774194 0.5987933634992458
13 0.6441532258064516 0.4374057315233786 0.6481854838709677 0.4479638009049774 0.6612903225806451 0.4494720965309201 0.6713709677419355 0.46003016591251883 0.688508064516129 0.45701357466063347 0.6794354838709677 0.416289592760181 0.6673387096774194 0.40874811463046756 0.6643145161290323 0.39668174962292607 0.6512096774193549 0.40120663650075417 0.6441532258064516 0.4117647058823529 0.6360887096774194 0.4343891402714932 0.6441532258064516 0.4374057315233786