13 0.3147377185678601 0.2908863920099875 0.32389675270607826 0.31086142322097376 0.33805162364696084 0.3196004993757803 0.3588676103247294 0.2958801498127341 0.3613655287260616 0.28214731585518105 0.38384679433805163 0.12983770287141075 0.37052456286427976 0.10861423220973783 0.3613655287260616 0.10611735330836454 0.3588676103247294 0.10986267166042447 0.3513738551207327 0.12983770287141075 0.3488759367194005 0.15980024968789014 0.3205661948376353 0.19350811485642946 0.3105745212323064 0.23096129837702872 0.3105745212323064 0.2721598002496879 0.3147377185678601 0.2908863920099875
13 0.7543713572023314 0.43570536828963796 0.7751873438800999 0.4606741573033708 0.7918401332223147 0.4581772784019975 0.8034970857618651 0.46192259675405745 0.8343047460449625 0.45318352059925093 0.8534554537885096 0.4394506866416979 0.8626144879267277 0.4232209737827715 0.8784346378018318 0.4107365792759051 0.8825978351373855 0.39076154806491886 0.9075770191507078 0.32709113607990015 0.9267277268942548 0.3021223470661673 0.9425478767693589 0.2908863920099875 0.9558701082431307 0.23720349563046192 0.951706910907577 0.23720349563046192 0.9425478767693589 0.24968789013732834 0.8451290591174022 0.3333333333333333 0.8034970857618651 0.36329588014981273 0.7410491257285595 0.43196004993757803 0.7543713572023314 0.43570536828963796
13 0.36636136552872606 0.06741573033707865 0.37885095753538717 0.10986267166042447 0.3971690258118235 0.10986267166042447 0.43713572023313907 0.07116104868913857 0.4704412989175687 0.046192259675405745 0.46544546211490423 0.03620474406991261 0.47127393838467946 0.019975031210986267 0.4704412989175687 0.01373283395755306 0.4521232306411324 0.02122347066167291 0.3930058284762698 0.07240948813982521 0.36636136552872606 0.06741573033707865
13 0.08659450457951708 0.09488139825218476 0.08825978351373855 0.10986267166042447 0.10074937552039967 0.10861423220973783 0.10574521232306411 0.12983770287141075 0.115736885928393 0.13108614232209737 0.11906744379683597 0.12359550561797752 0.1298917568692756 0.11860174781523096 0.1273938384679434 0.10362047440699126 0.1298917568692756 0.08489388264669163 0.12323064113238967 0.05118601747815231 0.10990840965861781 0.03745318352059925 0.09242298084929226 0.02871410736579276 0.08159866777685262 0.06367041198501873 0.08076602830974189 0.08239700374531835 0.08659450457951708 0.09488139825218476
13 0.12323064113238967 0.18102372034956304 0.1298917568692756 0.17852684144818975 0.12406328059950042 0.15355805243445692 0.11490424646128226 0.16104868913857678 0.11240632805995004 0.17478152309612985 0.12323064113238967 0.18102372034956304
13 0.18318068276436303 0.23220973782771537 0.18567860116569526 0.2596754057428215 0.19567027477102414 0.2808988764044944 0.2048293089092423 0.27715355805243447 0.21232306411323898 0.2858926342072409 0.23230641132389676 0.2858926342072409 0.2414654454621149 0.27340823970037453 0.24895920066611157 0.250936329588015 0.2556203164029975 0.24719101123595505 0.25645295587010825 0.2272159800249688 0.24313072439633637 0.2009987515605493 0.18734388009991673 0.20474406991260924 0.19150707743547044 0.2247191011235955 0.18318068276436303 0.23220973782771537
13 0.13738551207327226 0.3283395755305868 0.13488759367194006 0.3358302122347066 0.13905079100749376 0.3445692883895131 0.16069941715237301 0.3570536828963795 0.1781848459616986 0.35081148564294634 0.18401332223147376 0.33957553058676654 0.18484596169858453 0.32709113607990015 0.17985012489592006 0.30337078651685395 0.17069109075770192 0.2858926342072409 0.15570358034970858 0.2634207240948814 0.14737718567860117 0.26217228464419473 0.13238967527060783 0.27091136079900124 0.13072439633638636 0.299625468164794 0.13738551207327226 0.3283395755305868
13 0.115736885928393 0.5268414481897628 0.1257285595337219 0.5305867665418227 0.1565362198168193 0.519350811485643 0.17069109075770192 0.4868913857677903 0.17069109075770192 0.4769038701622971 0.16153205661948378 0.4606741573033708 0.16153205661948378 0.449438202247191 0.15320566194837634 0.4469413233458177 0.14737718567860117 0.4282147315855181 0.1340549542048293 0.4207240948813982 0.11656952539550375 0.4282147315855181 0.11323896752706078 0.4369538077403246 0.11240632805995004 0.49812734082397003 0.115736885928393 0.5268414481897628
13 0.28476269775187346 0.3470661672908864 0.3014154870940883 0.3333333333333333 0.3047460449625312 0.3121098626716604 0.2964196502914238 0.3046192259675406 0.28309741881765194 0.3083645443196005 0.2781015820149875 0.32209737827715357 0.27643630308076605 0.34207240948813983 0.28476269775187346 0.3470661672908864
13 0.14737718567860117 0.3882646691635456 0.14571190674437967 0.35830212234706615 0.13655287260616153 0.3333333333333333 0.1298917568692756 0.33458177278401996 0.1257285595337219 0.3470661672908864 0.12406328059950042 0.3757802746566791 0.14737718567860117 0.3882646691635456
13 0.15736885928393005 0.5930087390761548 0.16402997502081598 0.6017478152309613 0.17069109075770192 0.6292134831460674 0.20233139050791007 0.682896379525593 0.24063280599500417 0.7116104868913857 0.25645295587010825 0.7078651685393258 0.26061615320566195 0.6916354556803995 0.2756036636136553 0.6729088639200999 0.27893422148209823 0.6504369538077404 0.27643630308076605 0.6254681647940075 0.2656119900083264 0.5942571785268415 0.23480432972522897 0.5880149812734082 0.23064113238967526 0.5730337078651685 0.22231473771856786 0.568039950062422 0.21981681931723562 0.5605493133583022 0.20982514571190675 0.5568039950062422 0.2048293089092423 0.5405742821473158 0.2073272273105745 0.5318352059925093 0.18984179850124897 0.5156054931335831 0.17568692756036636 0.5218476903870163 0.17152373022481265 0.5393258426966292 0.15986677768526228 0.5593008739076155 0.16153205661948378 0.5755305867665418 0.15736885928393005 0.5930087390761548
13 0.2964196502914238 0.6691635455680399 0.3172356369691923 0.6554307116104869 0.32722731057452126 0.630461922596754 0.324729392173189 0.6154806491885143 0.3122398001665279 0.5930087390761548 0.29475437135720234 0.5980024968789014 0.28892589508742716 0.6229712858926342 0.28975853455453787 0.6541822721598003 0.2964196502914238 0.6691635455680399
13 0.10574521232306411 0.8489388264669163 0.10990840965861781 0.8576779026217228 0.11490424646128226 0.8626716604244694 0.13322231473771856 0.8626716604244694 0.13905079100749376 0.8863920099875156 0.15154038301415487 0.8888888888888888 0.15487094088259784 0.885143570536829 0.16486261448792672 0.8951310861423221 0.17568692756036636 0.8801498127340824 0.17735220649458786 0.8714107365792759 0.17985012489592006 0.8239700374531835 0.16902581182348042 0.8089887640449438 0.1806827643630308 0.7865168539325843 0.18151540383014156 0.7590511860174781 0.16402997502081598 0.7378277153558053 0.13738551207327226 0.7166042446941323 0.13072439633638636 0.7028714107365793 0.11990008326394672 0.700374531835206 0.10990840965861781 0.784019975031211 0.10574521232306411 0.8377028714107366 0.10574521232306411 0.8489388264669163
13 0.4621149042464613 0.7066167290886392 0.462947543713572 0.7203495630461922 0.47127393838467946 0.7240948813982522 0.4787676935886761 0.7153558052434457 0.48376353039134057 0.7203495630461922 0.4987510407993339 0.7203495630461922 0.5054121565362198 0.7116104868913857 0.5262281432139884 0.704119850187266 0.533721898417985 0.6903870162297129 0.5345545378850958 0.6779026217228464 0.5462114904246461 0.6666666666666666 0.5503746877601998 0.6466916354556804 0.5403830141548709 0.6379525593008739 0.5320566194837635 0.6117353308364545 0.5120732722731057 0.616729088639201 0.48792672772689427 0.6129837702871411 0.46711074104912575 0.630461922596754 0.45545378850957535 0.6554307116104869 0.4562864279766861 0.6953807740324595 0.4621149042464613 0.7066167290886392
13 0.5428809325562032 0.6379525593008739 0.5628642797668609 0.6504369538077404 0.5703580349708576 0.6491885143570537 0.5986677768526228 0.6067415730337079 0.6028309741881765 0.5855181023720349 0.6019983347210658 0.5642946317103621 0.5961698584512906 0.5605493133583022 0.585345545378851 0.5655430711610487 0.575353871773522 0.5630461922596754 0.5670274771024146 0.5755305867665418 0.5362198168193172 0.6017478152309613 0.5362198168193172 0.6229712858926342 0.5428809325562032 0.6379525593008739
13 0.6378018318068276 0.5355805243445693 0.6552872606161532 0.5418227215980025 0.6652789342214821 0.5343320848938826 0.6769358867610324 0.5168539325842697 0.6935886761032473 0.4769038701622971 0.6885928393005828 0.4769038701622971 0.649458784346378 0.5106117353308365 0.611157368859284 0.5493133583021224 0.6161532056619484 0.550561797752809 0.6378018318068276 0.5355805243445693
13 0.3555370524562864 0.7478152309612984 0.3447127393838468 0.7715355805243446 0.33305578684429643 0.7790262172284644 0.3347210657785179 0.8127340823970037 0.3480432972522898 0.8526841448189763 0.3655287260616153 0.8664169787765293 0.38051623646960864 0.846441947565543 0.3855120732722731 0.8451935081148564 0.39050791007493757 0.8314606741573034 0.4021648626144879 0.8252184769038702 0.40882597835137385 0.8052434456928839 0.41881765195670273 0.7952559300873908 0.42048293089092426 0.7777777777777778 0.42631140716069943 0.7715355805243446 0.42631140716069943 0.7153558052434457 0.42298084929225643 0.7078651685393258 0.4104912572855953 0.7066167290886392 0.395503746877602 0.7191011235955056 0.3771856786011657 0.7053682896379525 0.3655287260616153 0.7066167290886392 0.35803497085761865 0.7116104868913857 0.3480432972522898 0.7328339575530587 0.34970857618651124 0.7415730337078652 0.3555370524562864 0.7478152309612984
13 0.2031640299750208 0.947565543071161 0.21232306411323898 0.9600499375780275 0.24063280599500417 0.9712858926342073 0.2581182348043297 0.9912609238451935 0.2706078268109908 0.9987515605493134 0.3971690258118235 0.9987515605493134 0.38800999167360534 0.9837702871410736 0.27726894254787676 0.8901373283395755 0.2289758534554538 0.8739076154806492 0.2031640299750208 0.8801498127340824 0.19816819317235637 0.8901373283395755 0.19233971690258117 0.9113607990012484 0.2031640299750208 0.947565543071161
13 0.3405495420482931 0.8239700374531835 0.3430474604496253 0.8439450686641697 0.33555370524562866 0.8776529338327091 0.32972522897585343 0.8826466916354557 0.32139883430474603 0.9101123595505618 0.3263946711074105 0.9250936329588015 0.34221482098251454 0.9450686641697877 0.3671940049958368 0.9625468164794008 0.4029975020815987 0.9063670411985019 0.4013322231473772 0.9001248439450686 0.39217318900915904 0.9076154806491885 0.373022481265612 0.8976279650436954 0.3671940049958368 0.8838951310861424 0.3680266444629475 0.8689138576779026 0.37635303913405493 0.8526841448189763 0.38634471273938387 0.8451935081148564 0.39050791007493757 0.83270911360799 0.4013322231473772 0.8277153558052435 0.4113238967527061 0.8027465667915106 0.4196502914238135 0.7965043695380774 0.42048293089092426 0.7827715355805244 0.42631140716069943 0.7727840199750312 0.43047460449625313 0.6878901373283396 0.3980016652789342 0.7191011235955056 0.3771856786011657 0.7053682896379525 0.3588676103247294 0.7103620474406991 0.3480432972522898 0.7340823970037453 0.3555370524562864 0.7540574282147315 0.3430474604496253 0.7727840199750312 0.33222314737718567 0.7777777777777778 0.33388842631140714 0.8114856429463171 0.3405495420482931 0.8239700374531835
13 0.4829308909242298 0.8352059925093633 0.48792672772689427 0.8352059925093633 0.5012489592006661 0.815230961298377 0.5037468776019983 0.8002496878901373 0.466278101582015 0.8139825218476904 0.4646128226477935 0.8177278401997503 0.4829308909242298 0.8352059925093633
13 0.7227310574521232 0.7203495630461922 0.7277268942547876 0.7365792759051186 0.7418817651956703 0.7340823970037453 0.7535387177352206 0.7453183520599251 0.7760199833472107 0.7365792759051186 0.7985012489592007 0.7128589263420724 0.7335553705245629 0.7091136079900124 0.7127393838467944 0.7128589263420724 0.7227310574521232 0.7203495630461922
13 0.2373022481265612 0.8589263420724095 0.24229808492922564 0.8764044943820225 0.2722731057452123 0.8863920099875156 0.28143213988343047 0.8863920099875156 0.28975853455453787 0.8776529338327091 0.28892589508742716 0.8551810237203495 0.279766860949209 0.8439450686641697 0.2756036636136553 0.8451935081148564 0.2672772689425479 0.8277153558052435 0.2514571190674438 0.8289637952559301 0.2472939217318901 0.8339575530586767 0.24812656119900084 0.8489388264669163 0.2373022481265612 0.8589263420724095
13 0.2073272273105745 0.8239700374531835 0.231473771856786 0.8401997503121099 0.23563696919233973 0.8389513108614233 0.23230641132389676 0.8089887640449438 0.2048293089092423 0.8127340823970037 0.2031640299750208 0.8177278401997503 0.2073272273105745 0.8239700374531835
13 0.5345545378850958 0.7990012484394506 0.5387177352206495 0.8089887640449438 0.5453788509575354 0.8127340823970037 0.5795170691090757 0.787765293383271 0.5895087427144047 0.7590511860174781 0.6036636136552873 0.7565543071161048 0.6211490424646128 0.7615480649188514 0.6336386344712739 0.7403245942571786 0.6244796003330558 0.7378277153558053 0.5761865112406328 0.7540574282147315 0.5420482930890924 0.7752808988764045 0.5345545378850958 0.7890137328339576 0.5345545378850958 0.7990012484394506